/home/ml/faster rcnn/VOCdevkit/VOC2007/JPEGImages/04_spurious_copper_20.jpg 2190,871,2235,1028,5 955,1230,1126,1277,5 874,1091,947,1139,5
/home/ml/faster rcnn/VOCdevkit/VOC2007/JPEGImages/08_mouse_bite_03.jpg 2240,1061,2305,1136,1 1789,1292,1846,1336,1 1247,1308,1299,1367,1 1059,1808,1142,1870,1 2374,1297,2432,1369,1
/home/ml/faster rcnn/VOCdevkit/VOC2007/JPEGImages/07_short_04.jpg 1717,608,1779,672,3 1432,598,1508,672,3 1041,872,1127,958,3 1368,789,1444,872,3 605,591,692,681,3
/home/ml/faster rcnn/VOCdevkit/VOC2007/JPEGImages/11_open_circuit_07.jpg 1029,534,1098,586,2 955,690,1035,735,2 758,860,799,919,2 1190,1198,1239,1247,2 1325,1392,1381,1460,2
/home/ml/faster rcnn/VOCdevkit/VOC2007/JPEGImages/12_spur_01.jpg 1687,470,1749,570,4 1055,734,1167,794,4 1775,1228,1891,1277,4 1686,1821,1795,1868,4 887,1615,1007,1668,4
/home/ml/faster rcnn/VOCdevkit/VOC2007/JPEGImages/04_short_19.jpg 444,1284,548,1371,3 502,1928,619,2044,3 497,1582,595,1695,3
/home/ml/faster rcnn/VOCdevkit/VOC2007/JPEGImages/04_spurious_copper_08.jpg 802,2095,992,2138,5 2433,1757,2533,1792,5 2487,1438,2663,1471,5
/home/ml/faster rcnn/VOCdevkit/VOC2007/JPEGImages/01_spurious_copper_12.jpg 2343,1122,2467,1181,5 2690,1086,2764,1148,5 2731,1213,2813,1300,5
/home/ml/faster rcnn/VOCdevkit/VOC2007/JPEGImages/12_open_circuit_08.jpg 1551,397,1600,450,2 1967,846,2007,903,2 1911,139,1973,184,2 1397,1564,1449,1619,2 1323,1118,1375,1163,2
/home/ml/faster rcnn/VOCdevkit/VOC2007/JPEGImages/12_open_circuit_03.jpg 1726,1830,1782,1879,2 2304,1712,2340,1775,2 1318,1923,1371,1963,2 113,2032,162,2092,2 2344,2128,2393,2172,2
/home/ml/faster rcnn/VOCdevkit/VOC2007/JPEGImages/04_spur_15.jpg 2441,1733,2499,1791,4 1917,1415,1975,1497,4 657,1210,744,1270,4
/home/ml/faster rcnn/VOCdevkit/VOC2007/JPEGImages/05_spur_02.jpg 803,329,883,381,4 400,615,502,668,4 895,1070,972,1131,4 1563,862,1642,923,4 2272,1520,2342,1581,4
/home/ml/faster rcnn/VOCdevkit/VOC2007/JPEGImages/12_missing_hole_05.jpg 878,879,927,930,0 1262,1152,1307,1203,0 1077,1324,1135,1379,0 2006,1324,2066,1388,0 2318,884,2382,946,0 1644,1710,1707,1782,0
/home/ml/faster rcnn/VOCdevkit/VOC2007/JPEGImages/06_short_05.jpg 1140,615,1204,683,3 1416,486,1498,541,3 933,331,1006,400,3 532,434,601,492,3 2199,1575,2272,1644,3
/home/ml/faster rcnn/VOCdevkit/VOC2007/JPEGImages/01_open_circuit_04.jpg 2177,1090,2218,1134,2 2155,296,2192,331,2 728,1278,762,1315,2
/home/ml/faster rcnn/VOCdevkit/VOC2007/JPEGImages/01_spurious_copper_04.jpg 2134,1138,2212,1168,5 1597,1232,1691,1325,5 2134,724,2190,749,5
/home/ml/faster rcnn/VOCdevkit/VOC2007/JPEGImages/01_open_circuit_14.jpg 1120,1314,1180,1351,2 2829,826,2853,863,2 2029,758,2061,785,2
/home/ml/faster rcnn/VOCdevkit/VOC2007/JPEGImages/04_spur_14.jpg 1931,1797,1984,1862,4 788,2106,864,2164,4 1137,1841,1204,1933,4
/home/ml/faster rcnn/VOCdevkit/VOC2007/JPEGImages/01_spur_14.jpg 1671,804,1711,840,4 1684,401,1725,435,4 1475,591,1513,629,4
/home/ml/faster rcnn/VOCdevkit/VOC2007/JPEGImages/05_short_09.jpg 370,807,456,899,3 1670,1307,1763,1396,3 2000,765,2081,843,3
/home/ml/faster rcnn/VOCdevkit/VOC2007/JPEGImages/01_mouse_bite_13.jpg 1223,1369,1264,1410,1 1539,1162,1577,1202,1 1550,1288,1586,1326,1
/home/ml/faster rcnn/VOCdevkit/VOC2007/JPEGImages/01_open_circuit_15.jpg 729,1278,758,1313,2 474,1048,518,1082,2 177,1124,206,1155,2
/home/ml/faster rcnn/VOCdevkit/VOC2007/JPEGImages/09_spurious_copper_06.jpg 1597,425,1645,541,5 879,423,927,528,5 1092,702,1145,810,5 851,981,972,1045,5 2018,1059,2061,1186,5 1249,1512,1366,1564,5
/home/ml/faster rcnn/VOCdevkit/VOC2007/JPEGImages/09_short_10.jpg 1333,443,1464,507,3 1982,181,2092,251,3 1720,308,1782,363,3 1902,963,1966,1023,3 2217,1108,2277,1161,3
/home/ml/faster rcnn/VOCdevkit/VOC2007/JPEGImages/11_spur_02.jpg 745,339,850,426,4 1057,637,1152,745,4 1491,1063,1563,1155,4 1139,1419,1199,1527,4 430,1299,480,1399,4
/home/ml/faster rcnn/VOCdevkit/VOC2007/JPEGImages/05_spur_03.jpg 1542,670,1628,715,4 1905,1362,1964,1403,4 784,1073,845,1125,4 792,329,856,371,4 1394,596,1436,690,4
/home/ml/faster rcnn/VOCdevkit/VOC2007/JPEGImages/01_short_15.jpg 697,1112,738,1166,3 1627,1227,1696,1296,3 608,879,659,932,3 445,938,500,985,3
/home/ml/faster rcnn/VOCdevkit/VOC2007/JPEGImages/06_missing_hole_07.jpg 1276,725,1342,781,0 1159,1815,1218,1876,0 2206,1285,2277,1342,0 1154,1154,1211,1212,0 1603,1149,1673,1217,0
/home/ml/faster rcnn/VOCdevkit/VOC2007/JPEGImages/06_short_02.jpg 1993,1159,2050,1217,3 1810,742,1871,792,3 1055,1047,1111,1095,3 1001,734,1067,792,3 2462,1602,2543,1676,3
/home/ml/faster rcnn/VOCdevkit/VOC2007/JPEGImages/04_open_circuit_08.jpg 886,1028,944,1071,2 495,1299,553,1351,2 1742,906,1797,962,2
/home/ml/faster rcnn/VOCdevkit/VOC2007/JPEGImages/07_short_01.jpg 899,353,1003,427,3 398,622,539,731,3 1229,869,1310,955,3 1863,924,1961,1012,3 1898,720,1987,800,3
/home/ml/faster rcnn/VOCdevkit/VOC2007/JPEGImages/05_spurious_copper_07.jpg 555,662,789,706,5 1517,893,1627,934,5 1803,878,1853,1029,5 1319,1229,1370,1392,5 130,1337,200,1423,5
/home/ml/faster rcnn/VOCdevkit/VOC2007/JPEGImages/12_spur_04.jpg 884,1192,984,1241,4 1271,1064,1371,1112,4 618,1654,715,1694,4 102,1746,157,1848,4 597,1486,698,1537,4
/home/ml/faster rcnn/VOCdevkit/VOC2007/JPEGImages/04_short_17.jpg 1135,497,1210,584,3 961,1148,1048,1233,3 442,1195,550,1284,3
/home/ml/faster rcnn/VOCdevkit/VOC2007/JPEGImages/06_spur_08.jpg 1304,1673,1355,1744,4 1018,1276,1054,1378,4 2474,1364,2540,1419,4 2537,1837,2593,1942,4 1643,2051,1777,2112,4
/home/ml/faster rcnn/VOCdevkit/VOC2007/JPEGImages/01_spur_10.jpg 472,393,530,432,4 178,1117,211,1156,4 529,1184,562,1219,4
/home/ml/faster rcnn/VOCdevkit/VOC2007/JPEGImages/05_spur_06.jpg 695,803,802,860,4 372,1295,466,1345,4 1744,1334,1819,1390,4 1413,320,1508,374,4 1527,1098,1611,1173,4
/home/ml/faster rcnn/VOCdevkit/VOC2007/JPEGImages/04_missing_hole_17.jpg 1348,1304,1401,1373,0 651,1410,715,1468,0 1515,1655,1575,1715,0
/home/ml/faster rcnn/VOCdevkit/VOC2007/JPEGImages/06_mouse_bite_07.jpg 1801,508,1862,545,1 935,401,1023,444,1 1194,685,1278,725,1 1062,1063,1154,1102,1 1189,1290,1265,1325,1
/home/ml/faster rcnn/VOCdevkit/VOC2007/JPEGImages/07_open_circuit_10.jpg 1558,884,1611,929,2 2333,1050,2377,1093,2 2339,662,2386,713,2 1066,910,1115,955,2 1317,181,1375,238,2
/home/ml/faster rcnn/VOCdevkit/VOC2007/JPEGImages/12_missing_hole_01.jpg 2218,983,2278,1044,0 1809,257,1862,321,0 1595,1234,1657,1283,0 1087,1712,1151,1777,0 1647,1964,1698,2026,0
/home/ml/faster rcnn/VOCdevkit/VOC2007/JPEGImages/07_spurious_copper_09.jpg 1532,665,1658,715,5 2073,858,2203,903,5 1455,881,1499,991,5 1737,791,1787,907,5 684,744,732,877,5
/home/ml/faster rcnn/VOCdevkit/VOC2007/JPEGImages/01_spur_16.jpg 2295,1289,2331,1328,4 2129,980,2175,1020,4 2419,1105,2467,1146,4
/home/ml/faster rcnn/VOCdevkit/VOC2007/JPEGImages/07_spur_02.jpg 1560,853,1618,943,4 2079,870,2158,920,4 1849,1301,1968,1351,4 792,944,834,1029,4 1320,834,1446,888,4
/home/ml/faster rcnn/VOCdevkit/VOC2007/JPEGImages/12_short_04.jpg 1707,444,1795,499,3 1420,683,1491,741,3 1511,1526,1569,1604,3 911,1786,958,1866,3 2273,979,2387,1055,3
/home/ml/faster rcnn/VOCdevkit/VOC2007/JPEGImages/04_open_circuit_02.jpg 466,2235,546,2313,2 421,1722,502,1779,2 128,1228,197,1306,2
/home/ml/faster rcnn/VOCdevkit/VOC2007/JPEGImages/04_mouse_bite_14.jpg 748,1126,824,1177,1 2222,1208,2282,1297,1 1973,1735,2053,1802,1
/home/ml/faster rcnn/VOCdevkit/VOC2007/JPEGImages/09_spur_07.jpg 1523,912,1630,969,4 1986,1051,2048,1136,4 1259,427,1305,502,4 2174,1390,2249,1440,4 520,764,600,849,4
/home/ml/faster rcnn/VOCdevkit/VOC2007/JPEGImages/08_missing_hole_06.jpg 1387,1030,1448,1097,0 2004,1608,2061,1666,0 1100,1451,1169,1513,0 1878,751,1937,810,0 1727,2000,1792,2067,0
/home/ml/faster rcnn/VOCdevkit/VOC2007/JPEGImages/05_missing_hole_01.jpg 1103,567,1174,623,0 1520,965,1569,1026,0 1337,1660,1387,1715,0
/home/ml/faster rcnn/VOCdevkit/VOC2007/JPEGImages/04_spur_10.jpg 2071,619,2131,699,4 1748,799,1808,873,4 461,524,548,579,4
/home/ml/faster rcnn/VOCdevkit/VOC2007/JPEGImages/01_missing_hole_19.jpg 1395,738,1450,803,0 339,752,388,814,0 168,572,228,638,0
/home/ml/faster rcnn/VOCdevkit/VOC2007/JPEGImages/09_short_08.jpg 963,905,1031,990,3 1795,995,1856,1058,3 1953,1159,2027,1220,3 1758,1410,1879,1472,3 1604,1235,1672,1323,3
/home/ml/faster rcnn/VOCdevkit/VOC2007/JPEGImages/09_missing_hole_01.jpg 2025,499,2086,564,0 2336,987,2399,1043,0 2231,1877,2307,1945,0 1186,1700,1240,1753,0 1122,1059,1187,1122,0
/home/ml/faster rcnn/VOCdevkit/VOC2007/JPEGImages/09_open_circuit_03.jpg 527,810,569,877,2 2212,1040,2252,1083,2 1986,1141,2025,1183,2 2108,1479,2160,1516,2 648,1628,689,1681,2
/home/ml/faster rcnn/VOCdevkit/VOC2007/JPEGImages/04_short_13.jpg 1899,1299,2033,1410,3 446,2235,559,2362,3 237,1971,337,2075,3
/home/ml/faster rcnn/VOCdevkit/VOC2007/JPEGImages/04_mouse_bite_15.jpg 1666,1202,1751,1259,1 593,1335,651,1415,1 1571,715,1646,795,1
/home/ml/faster rcnn/VOCdevkit/VOC2007/JPEGImages/11_spur_10.jpg 768,594,893,688,4 325,1094,401,1219,4 666,1944,794,2008,4 725,845,843,911,4 866,331,939,429,4
/home/ml/faster rcnn/VOCdevkit/VOC2007/JPEGImages/12_spurious_copper_08.jpg 2253,679,2293,777,5 1829,1424,1880,1514,5 2364,1801,2395,1886,5 1726,2266,1827,2319,5 795,1174,878,1221,5
/home/ml/faster rcnn/VOCdevkit/VOC2007/JPEGImages/07_short_10.jpg 1630,903,1746,986,3 1779,836,1880,905,3 1956,386,2046,505,3 1396,786,1486,876,3 1137,913,1234,1001,3
/home/ml/faster rcnn/VOCdevkit/VOC2007/JPEGImages/08_spurious_copper_05.jpg 2033,713,2094,833,5 2268,1306,2328,1410,5 1396,1298,1523,1347,5 787,892,835,977,5 2581,1602,2623,1695,5
/home/ml/faster rcnn/VOCdevkit/VOC2007/JPEGImages/10_spur_01.jpg 1134,722,1236,812,4 1419,311,1521,374,4 1984,473,2049,571,4 1050,1061,1117,1179,4 1514,1258,1584,1377,4
/home/ml/faster rcnn/VOCdevkit/VOC2007/JPEGImages/11_mouse_bite_03.jpg 1078,644,1145,722,1 304,524,391,627,1 1086,1468,1132,1544,1 517,1458,576,1534,1 614,1147,680,1216,1
/home/ml/faster rcnn/VOCdevkit/VOC2007/JPEGImages/04_spurious_copper_11.jpg 2624,1683,2657,1848,5 1168,1897,1204,2001,5 2609,1020,2665,1235,5
/home/ml/faster rcnn/VOCdevkit/VOC2007/JPEGImages/07_missing_hole_07.jpg 423,300,517,389,0 563,688,655,777,0 137,1153,273,1269,0 2110,726,2187,813,0 1851,358,1939,455,0
/home/ml/faster rcnn/VOCdevkit/VOC2007/JPEGImages/10_open_circuit_03.jpg 969,434,1037,483,2 1116,683,1195,738,2 1521,593,1630,651,2 1865,735,1956,796,2 1245,445,1325,519,2
/home/ml/faster rcnn/VOCdevkit/VOC2007/JPEGImages/04_missing_hole_10.jpg 1122,844,1166,904,0 1288,375,1341,439,0 662,504,715,566,0
/home/ml/faster rcnn/VOCdevkit/VOC2007/JPEGImages/07_spurious_copper_01.jpg 975,244,1108,298,5 930,988,1086,1041,5 1451,879,1513,984,5 1591,819,1639,920,5 1856,1001,1975,1046,5
/home/ml/faster rcnn/VOCdevkit/VOC2007/JPEGImages/07_spur_04.jpg 1529,627,1610,693,4 1472,881,1549,960,4 1056,912,1158,963,4 784,922,848,1003,4 2144,815,2253,863,4
/home/ml/faster rcnn/VOCdevkit/VOC2007/JPEGImages/05_short_10.jpg 1497,270,1580,349,3 1119,393,1213,467,3
/home/ml/faster rcnn/VOCdevkit/VOC2007/JPEGImages/04_mouse_bite_11.jpg 1659,271,1751,335,1 1208,1151,1299,1222,1 2273,751,2353,821,1
/home/ml/faster rcnn/VOCdevkit/VOC2007/JPEGImages/05_open_circuit_10.jpg 1203,663,1256,707,2 147,425,199,477,2 311,562,364,626,2
/home/ml/faster rcnn/VOCdevkit/VOC2007/JPEGImages/09_mouse_bite_02.jpg 1543,433,1607,510,1 1194,861,1263,907,1 1949,1118,1990,1189,1 2076,1641,2149,1679,1 2040,174,2090,243,1
/home/ml/faster rcnn/VOCdevkit/VOC2007/JPEGImages/04_short_02.jpg 1579,1161,1677,1261,3 2021,1597,2110,1695,3 2571,1684,2686,1804,3
/home/ml/faster rcnn/VOCdevkit/VOC2007/JPEGImages/09_spur_02.jpg 1984,1095,2041,1186,4 1022,895,1105,941,4 1541,428,1590,507,4 1300,1492,1382,1546,4 1066,1112,1110,1164,4
/home/ml/faster rcnn/VOCdevkit/VOC2007/JPEGImages/04_missing_hole_07.jpg 1744,964,1811,1031,0 1939,346,2011,419,0 2617,339,2684,424,0
/home/ml/faster rcnn/VOCdevkit/VOC2007/JPEGImages/08_spur_06.jpg 1709,1156,1774,1216,4 632,897,689,980,4 1702,1810,1812,1864,4 440,1377,523,1441,4 235,1729,289,1820,4
/home/ml/faster rcnn/VOCdevkit/VOC2007/JPEGImages/01_mouse_bite_14.jpg 731,1396,768,1430,1 444,915,476,949,1
/home/ml/faster rcnn/VOCdevkit/VOC2007/JPEGImages/08_missing_hole_02.jpg 2133,944,2197,1008,0 2319,1328,2378,1392,0 964,747,1028,805,0 1823,1561,1891,1631,0 1035,1441,1100,1515,0
/home/ml/faster rcnn/VOCdevkit/VOC2007/JPEGImages/05_mouse_bite_01.jpg 910,278,972,320,1 652,976,717,1021,1 1222,817,1266,890,1 1577,621,1635,662,1 1828,1331,1910,1379,1
/home/ml/faster rcnn/VOCdevkit/VOC2007/JPEGImages/10_missing_hole_05.jpg 1062,508,1153,592,0 1632,258,1727,348,0 940,692,1062,783,0 1330,1637,1414,1715,0 110,1796,223,1913,0
/home/ml/faster rcnn/VOCdevkit/VOC2007/JPEGImages/12_open_circuit_10.jpg 1709,819,1747,866,2 2077,1241,2135,1286,2 661,1615,704,1661,2 119,1858,155,1918,2 516,1347,574,1391,2
/home/ml/faster rcnn/VOCdevkit/VOC2007/JPEGImages/05_open_circuit_01.jpg 882,849,938,910,2 454,625,514,677,2 1587,630,1634,670,2
/home/ml/faster rcnn/VOCdevkit/VOC2007/JPEGImages/08_short_09.jpg 1935,657,2005,725,3 2514,1615,2592,1680,3 241,1734,315,1806,3 632,874,740,964,3 2010,939,2125,1026,3
/home/ml/faster rcnn/VOCdevkit/VOC2007/JPEGImages/04_spurious_copper_07.jpg 1937,1257,1990,1399,5 1935,1422,1988,1577,5 309,530,346,628,5
/home/ml/faster rcnn/VOCdevkit/VOC2007/JPEGImages/12_spurious_copper_06.jpg 1337,495,1400,599,5 1724,1415,1780,1510,5 2346,1641,2404,1768,5 2144,1855,2251,1906,5 2151,1063,2247,1121,5
/home/ml/faster rcnn/VOCdevkit/VOC2007/JPEGImages/07_spur_01.jpg 2129,822,2227,894,4 1765,824,1837,898,4 1227,858,1322,901,4 961,222,1063,282,4 1649,1307,1751,1351,4
/home/ml/faster rcnn/VOCdevkit/VOC2007/JPEGImages/09_mouse_bite_07.jpg 1130,430,1187,505,1 1666,523,1713,600,1 513,794,572,877,1 948,904,1018,959,1 2558,1715,2620,1756,1
/home/ml/faster rcnn/VOCdevkit/VOC2007/JPEGImages/04_missing_hole_18.jpg 1342,1431,1401,1502,0 882,957,944,1028,0 1284,1777,1344,1844,0
/home/ml/faster rcnn/VOCdevkit/VOC2007/JPEGImages/09_mouse_bite_03.jpg 1554,730,1620,769,1 774,699,836,768,1 1545,1630,1625,1679,1 484,1336,563,1387,1 923,1120,959,1166,1
/home/ml/faster rcnn/VOCdevkit/VOC2007/JPEGImages/08_spurious_copper_08.jpg 2035,716,2099,818,5 1625,910,1679,1010,5 2268,1023,2328,1129,5 1378,1105,1504,1167,5 555,1259,671,1339,5
/home/ml/faster rcnn/VOCdevkit/VOC2007/JPEGImages/04_short_15.jpg 2070,599,2188,721,3 2581,982,2699,1102,3 2244,1155,2364,1277,3
/home/ml/faster rcnn/VOCdevkit/VOC2007/JPEGImages/06_short_07.jpg 2079,1492,2137,1544,3 1035,2127,1113,2205,3 2311,1898,2372,1963,3 121,1353,198,1415,3 659,1927,737,2000,3
/home/ml/faster rcnn/VOCdevkit/VOC2007/JPEGImages/07_mouse_bite_01.jpg 1098,544,1149,622,1 1696,882,1748,969,1 1927,629,1987,688,1 705,926,756,1019,1 1651,1312,1737,1367,1
/home/ml/faster rcnn/VOCdevkit/VOC2007/JPEGImages/10_short_01.jpg 969,577,1143,686,3 1887,516,2019,616,3 1108,1548,1230,1708,3 1704,1634,1832,1785,3 1778,680,1869,832,3
/home/ml/faster rcnn/VOCdevkit/VOC2007/JPEGImages/01_missing_hole_07.jpg 1737,340,1793,394,0 1390,1042,1470,1122,0 2580,238,2648,294,0
/home/ml/faster rcnn/VOCdevkit/VOC2007/JPEGImages/12_open_circuit_01.jpg 1709,510,1753,554,2 1698,1444,1757,1484,2 2187,1583,2240,1628,2 1238,1826,1291,1872,2 71,1763,124,1817,2
/home/ml/faster rcnn/VOCdevkit/VOC2007/JPEGImages/11_spur_03.jpg 766,593,889,678,4 1204,1099,1316,1162,4 1663,1622,1791,1686,4 916,1480,984,1581,4 678,1388,747,1485,4
/home/ml/faster rcnn/VOCdevkit/VOC2007/JPEGImages/04_spurious_copper_13.jpg 2101,633,2141,768,5 870,1086,946,1143,5 944,1114,1015,1170,5
/home/ml/faster rcnn/VOCdevkit/VOC2007/JPEGImages/06_spur_05.jpg 1281,431,1382,476,4 1750,1683,1855,1729,4 952,2156,1076,2205,4 1133,907,1228,944,4 152,1178,194,1258,4
/home/ml/faster rcnn/VOCdevkit/VOC2007/JPEGImages/01_missing_hole_18.jpg 2188,914,2250,980,0 1160,1200,1220,1254,0 1731,1151,1791,1203,0
/home/ml/faster rcnn/VOCdevkit/VOC2007/JPEGImages/11_open_circuit_02.jpg 1306,339,1396,411,2 671,891,732,953,2 1529,763,1604,837,2 1075,1508,1135,1580,2 1643,1624,1702,1696,2 1788,1926,1852,1996,2
/home/ml/faster rcnn/VOCdevkit/VOC2007/JPEGImages/06_missing_hole_08.jpg 1442,1149,1498,1205,0 1093,1149,1159,1212,0 1010,849,1074,915,0 857,197,913,253,0 243,1164,315,1222,0
/home/ml/faster rcnn/VOCdevkit/VOC2007/JPEGImages/10_spurious_copper_01.jpg 1832,460,1930,519,5 1229,861,1290,974,5 910,1403,962,1508,5 1181,1512,1301,1569,5 1469,1266,1526,1385,5
/home/ml/faster rcnn/VOCdevkit/VOC2007/JPEGImages/01_spur_19.jpg 2430,1166,2470,1205,4 2700,1164,2744,1201,4
/home/ml/faster rcnn/VOCdevkit/VOC2007/JPEGImages/08_spurious_copper_07.jpg 1628,915,1681,998,5 2423,962,2481,1052,5 1981,1180,2032,1270,5 663,1211,774,1275,5 1645,1800,1759,1856,5
/home/ml/faster rcnn/VOCdevkit/VOC2007/JPEGImages/01_spur_06.jpg 2200,590,2238,633,4 2613,449,2651,485,4 2181,287,2230,328,4
/home/ml/faster rcnn/VOCdevkit/VOC2007/JPEGImages/07_open_circuit_05.jpg 1630,872,1679,919,2 886,862,941,913,2 1932,633,1996,676,2 1520,526,1567,570,2 2089,951,2155,994,2
/home/ml/faster rcnn/VOCdevkit/VOC2007/JPEGImages/09_spurious_copper_08.jpg 1159,827,1289,894,5 1784,1204,1849,1327,5 1522,922,1692,994,5 2256,1027,2364,1086,5 1159,1113,1215,1179,5
/home/ml/faster rcnn/VOCdevkit/VOC2007/JPEGImages/04_mouse_bite_12.jpg 2302,439,2393,508,1 473,504,575,573,1 513,1015,606,1070,1
/home/ml/faster rcnn/VOCdevkit/VOC2007/JPEGImages/11_short_06.jpg 887,1167,951,1245,3 1158,1158,1222,1239,3 822,1934,893,2013,3 1834,1822,1935,1886,3 1045,1345,1124,1417,3
/home/ml/faster rcnn/VOCdevkit/VOC2007/JPEGImages/06_spur_01.jpg 452,953,576,1015,4 1840,878,1874,944,4 964,1270,1006,1356,4 2052,1392,2101,1476,4 1304,1888,1385,1912,4
/home/ml/faster rcnn/VOCdevkit/VOC2007/JPEGImages/08_mouse_bite_06.jpg 892,920,950,979,1 1951,1177,1996,1239,1 2237,1285,2312,1366,1 1251,1295,1305,1361,1 558,584,615,656,1
/home/ml/faster rcnn/VOCdevkit/VOC2007/JPEGImages/08_missing_hole_04.jpg 1037,1036,1099,1088,0 1730,1039,1796,1098,0 378,467,441,531,0 155,977,212,1039,0
/home/ml/faster rcnn/VOCdevkit/VOC2007/JPEGImages/04_missing_hole_19.jpg 1288,1535,1341,1601,0 1517,1648,1571,1715,0 2110,1591,2173,1650,0
/home/ml/faster rcnn/VOCdevkit/VOC2007/JPEGImages/04_spur_11.jpg 2135,1804,2190,1897,4 926,2101,1033,2170,4 2610,1671,2666,1768,4
/home/ml/faster rcnn/VOCdevkit/VOC2007/JPEGImages/12_missing_hole_04.jpg 1289,1326,1338,1381,0 1493,1412,1547,1463,0 1498,1017,1546,1072,0 1908,1010,1964,1079,0 1316,446,1362,495,0
/home/ml/faster rcnn/VOCdevkit/VOC2007/JPEGImages/07_open_circuit_06.jpg 1097,598,1151,655,2 1313,415,1358,458,2 1842,813,1886,862,2 1805,688,1856,732,2 2206,829,2255,877,2
/home/ml/faster rcnn/VOCdevkit/VOC2007/JPEGImages/09_spurious_copper_04.jpg 1018,413,1072,508,5 2543,918,2627,994,5 1382,977,1530,1030,5 2281,423,2381,472,5 559,741,618,874,5
/home/ml/faster rcnn/VOCdevkit/VOC2007/JPEGImages/04_spurious_copper_02.jpg 819,1232,931,1270,5 1916,1787,1961,1851,5 1165,1881,1203,1962,5
/home/ml/faster rcnn/VOCdevkit/VOC2007/JPEGImages/08_short_07.jpg 1841,631,1904,688,3 2519,1606,2589,1670,3 1605,966,1725,1052,3 268,1829,356,1902,3 1951,1064,2058,1138,3
/home/ml/faster rcnn/VOCdevkit/VOC2007/JPEGImages/11_missing_hole_08.jpg 1317,1542,1380,1617,0 1129,1283,1193,1353,0 1432,962,1506,1047,0 722,967,786,1047,0 425,1537,512,1616,0
/home/ml/faster rcnn/VOCdevkit/VOC2007/JPEGImages/04_short_11.jpg 444,1324,550,1422,3 830,1130,906,1210,3 2050,655,2197,766,3
/home/ml/faster rcnn/VOCdevkit/VOC2007/JPEGImages/08_spurious_copper_02.jpg 932,911,991,1003,5 1696,893,1745,998,5 2363,1310,2404,1411,5 433,1393,514,1464,5 253,1752,304,1849,5
/home/ml/faster rcnn/VOCdevkit/VOC2007/JPEGImages/12_spurious_copper_03.jpg 2197,323,2240,399,5 907,1041,1006,1097,5 2091,1221,2184,1261,5 2358,1654,2397,1735,5 609,706,707,764,5
/home/ml/faster rcnn/VOCdevkit/VOC2007/JPEGImages/05_spur_04.jpg 1850,1328,1945,1384,4 1752,1712,1852,1763,4 453,740,574,815,4 1564,1092,1655,1178,4 1883,765,1964,818,4
/home/ml/faster rcnn/VOCdevkit/VOC2007/JPEGImages/01_spurious_copper_05.jpg 537,985,637,1013,5 740,1260,775,1332,5 412,912,468,955,5
/home/ml/faster rcnn/VOCdevkit/VOC2007/JPEGImages/12_short_02.jpg 1377,283,1462,343,3 1506,394,1591,452,3 1860,837,1949,903,3 1558,1577,1622,1646,3 1126,1079,1182,1152,3
/home/ml/faster rcnn/VOCdevkit/VOC2007/JPEGImages/07_missing_hole_01.jpg 1244,727,1317,807,0 1692,1034,1763,1113,0 2170,1029,2261,1127,0 2441,777,2537,855,0 570,301,649,386,0
/home/ml/faster rcnn/VOCdevkit/VOC2007/JPEGImages/01_spur_15.jpg 399,426,471,474,4 717,287,775,333,4
/home/ml/faster rcnn/VOCdevkit/VOC2007/JPEGImages/06_missing_hole_10.jpg 1280,723,1342,790,0 840,683,904,742,0 1093,978,1157,1044,0 1043,1471,1098,1532,0 2184,2046,2240,2103,0
/home/ml/faster rcnn/VOCdevkit/VOC2007/JPEGImages/11_short_10.jpg 1076,350,1186,424,3 973,667,1145,750,3 591,867,704,963,3 847,1072,924,1162,3 540,1934,655,2053,3 1783,1932,1912,2055,3
/home/ml/faster rcnn/VOCdevkit/VOC2007/JPEGImages/07_open_circuit_03.jpg 1103,526,1148,579,2 1344,870,1389,920,2 987,960,1039,1005,2 2056,832,2108,877,2 2333,449,2380,511,2
/home/ml/faster rcnn/VOCdevkit/VOC2007/JPEGImages/12_missing_hole_10.jpg 1387,1232,1451,1292,0 1649,1021,1704,1079,0 877,883,933,941,0 693,769,740,816,0 1960,1323,2018,1392,0
/home/ml/faster rcnn/VOCdevkit/VOC2007/JPEGImages/12_mouse_bite_03.jpg 1409,337,1462,406,1 1655,681,1711,757,1 2271,532,2326,617,1 911,1194,1007,1250,1 1784,1239,1860,1288,1
/home/ml/faster rcnn/VOCdevkit/VOC2007/JPEGImages/01_short_07.jpg 705,1114,771,1169,3 1645,524,1744,617,3 1599,1227,1688,1312,3
/home/ml/faster rcnn/VOCdevkit/VOC2007/JPEGImages/01_open_circuit_19.jpg 1684,354,1723,385,2 713,1000,738,1027,2 2432,1173,2462,1203,2
/home/ml/faster rcnn/VOCdevkit/VOC2007/JPEGImages/10_missing_hole_01.jpg 1346,677,1479,789,0 1907,490,1982,571,0 1963,651,2053,727,0 1794,1144,1891,1234,0 1017,1270,1111,1350,0
/home/ml/faster rcnn/VOCdevkit/VOC2007/JPEGImages/10_spur_04.jpg 1127,719,1236,809,4 1042,1035,1123,1150,4 1682,556,1787,644,4 1517,1290,1585,1388,4 977,1427,1042,1516,4
/home/ml/faster rcnn/VOCdevkit/VOC2007/JPEGImages/11_mouse_bite_07.jpg 1012,531,1093,596,1 1278,326,1381,413,1 504,203,594,294,1 814,1062,901,1119,1 620,1372,680,1421,1
/home/ml/faster rcnn/VOCdevkit/VOC2007/JPEGImages/06_spurious_copper_07.jpg 1145,663,1238,710,5 1576,422,1689,464,5 1911,2078,2045,2127,5 1055,788,1116,817,5 2052,315,2104,410,5
/home/ml/faster rcnn/VOCdevkit/VOC2007/JPEGImages/08_mouse_bite_09.jpg 1846,621,1925,667,1 2078,1067,2132,1125,1 1248,990,1307,1033,1 2550,1652,2607,1720,1 269,1757,319,1816,1
/home/ml/faster rcnn/VOCdevkit/VOC2007/JPEGImages/10_short_03.jpg 1897,518,2017,616,3 1245,732,1487,886,3 1407,1251,1566,1377,3 1162,1299,1277,1448,3 1797,741,1946,858,3
/home/ml/faster rcnn/VOCdevkit/VOC2007/JPEGImages/04_open_circuit_05.jpg 126,621,197,677,2 2384,1608,2451,1668,2 1901,981,1984,1055,2
/home/ml/faster rcnn/VOCdevkit/VOC2007/JPEGImages/01_missing_hole_15.jpg 2075,1034,2139,1087,0 2470,1105,2526,1158,0 2077,514,2135,572,0
/home/ml/faster rcnn/VOCdevkit/VOC2007/JPEGImages/04_mouse_bite_17.jpg 1219,264,1275,348,1 891,1021,950,1099,1 1993,961,2082,1024,1
/home/ml/faster rcnn/VOCdevkit/VOC2007/JPEGImages/04_spurious_copper_01.jpg 773,2085,880,2150,5 654,1229,766,1275,5 629,1325,660,1419,5
/home/ml/faster rcnn/VOCdevkit/VOC2007/JPEGImages/11_open_circuit_09.jpg 766,355,827,411,2 301,590,393,637,2 429,1288,496,1347,2 575,1360,629,1403,2 1347,1394,1404,1457,2
/home/ml/faster rcnn/VOCdevkit/VOC2007/JPEGImages/04_short_12.jpg 391,1193,493,1290,3 499,1606,597,1715,3 1130,1862,1241,1977,3
/home/ml/faster rcnn/VOCdevkit/VOC2007/JPEGImages/08_spurious_copper_10.jpg 2069,1052,2110,1129,5 2294,1046,2333,1125,5 2410,1275,2487,1320,5 1604,1157,1645,1266,5 863,1225,955,1269,5
/home/ml/faster rcnn/VOCdevkit/VOC2007/JPEGImages/04_open_circuit_10.jpg 1171,1708,1241,1753,2 2181,1466,2235,1535,2 2582,1584,2657,1659,2
/home/ml/faster rcnn/VOCdevkit/VOC2007/JPEGImages/08_short_03.jpg 971,966,1094,1069,3 758,1206,840,1287,3 2389,1326,2456,1395,3 2553,1236,2638,1326,3 2556,1623,2658,1705,3
/home/ml/faster rcnn/VOCdevkit/VOC2007/JPEGImages/07_mouse_bite_06.jpg 696,398,799,462,1 1655,177,1777,255,1 880,863,953,934,1 2044,665,2098,724,1 2336,439,2387,520,1
/home/ml/faster rcnn/VOCdevkit/VOC2007/JPEGImages/12_spur_09.jpg 1793,1230,1886,1275,4 2267,421,2317,515,4 849,1808,966,1874,4 1382,1532,1493,1583,4 1362,526,1415,614,4 866,734,962,790,4
/home/ml/faster rcnn/VOCdevkit/VOC2007/JPEGImages/01_spurious_copper_13.jpg 1840,1218,1977,1273,5 2470,572,2534,619,5 2093,269,2205,304,5
/home/ml/faster rcnn/VOCdevkit/VOC2007/JPEGImages/07_missing_hole_09.jpg 1642,434,1727,508,0 851,1024,927,1112,0 1130,1029,1205,1117,0 2172,1446,2255,1544,0 1403,1446,1486,1536,0
/home/ml/faster rcnn/VOCdevkit/VOC2007/JPEGImages/05_open_circuit_04.jpg 1400,829,1441,881,2 1591,748,1649,787,2 1819,1546,1866,1596,2 1241,1765,1303,1821,2 1611,1371,1667,1421,2
/home/ml/faster rcnn/VOCdevkit/VOC2007/JPEGImages/06_short_11.jpg 1798,544,1879,615,3 1901,1268,1962,1329,3 2047,1285,2115,1339,3 1767,1588,1845,1649,3 999,731,1060,797,3
/home/ml/faster rcnn/VOCdevkit/VOC2007/JPEGImages/07_spurious_copper_03.jpg 1596,824,1637,936,5 1873,789,1918,891,5 684,746,737,865,5 1444,877,1496,972,5 410,615,498,691,5
/home/ml/faster rcnn/VOCdevkit/VOC2007/JPEGImages/09_missing_hole_10.jpg 1194,643,1256,707,0 1545,356,1613,425,0 1333,1061,1394,1125,0 2007,1551,2072,1615,0 566,636,628,705,0
/home/ml/faster rcnn/VOCdevkit/VOC2007/JPEGImages/01_spurious_copper_14.jpg 1666,612,1746,652,5 743,1190,805,1267,5 1184,1091,1343,1156,5
/home/ml/faster rcnn/VOCdevkit/VOC2007/JPEGImages/01_mouse_bite_19.jpg 724,1222,755,1258,1 645,1286,689,1329,1
/home/ml/faster rcnn/VOCdevkit/VOC2007/JPEGImages/05_spur_05.jpg 1544,667,1644,717,4 1520,926,1625,971,4 610,910,756,979,4 661,1310,745,1370,4 1967,407,2075,465,4
/home/ml/faster rcnn/VOCdevkit/VOC2007/JPEGImages/01_open_circuit_07.jpg 2192,296,2232,332,2 2710,942,2743,977,2 2555,544,2590,577,2
/home/ml/faster rcnn/VOCdevkit/VOC2007/JPEGImages/09_short_02.jpg 715,433,822,490,3 774,881,890,940,3 1949,1199,2027,1258,3 1843,961,1912,1017,3 1671,502,1766,566,3
/home/ml/faster rcnn/VOCdevkit/VOC2007/JPEGImages/01_missing_hole_17.jpg 917,292,984,369,0 480,1123,539,1191,0 1725,1083,1790,1147,0
/home/ml/faster rcnn/VOCdevkit/VOC2007/JPEGImages/05_missing_hole_06.jpg 1670,1071,1724,1124,0 1103,1479,1163,1543,0 219,1020,281,1084,0 1561,146,1625,206,0 2274,1692,2325,1743,0
/home/ml/faster rcnn/VOCdevkit/VOC2007/JPEGImages/05_open_circuit_08.jpg 1170,1028,1217,1082,2 1563,915,1616,960,2 1035,1486,1092,1538,2
/home/ml/faster rcnn/VOCdevkit/VOC2007/JPEGImages/04_short_08.jpg 402,1177,486,1273,3 901,1002,988,1091,3 499,1593,595,1711,3
/home/ml/faster rcnn/VOCdevkit/VOC2007/JPEGImages/08_open_circuit_05.jpg 1262,1340,1290,1390,2 2390,1368,2419,1421,2 2250,1056,2298,1111,2 2167,704,2196,741,2 599,1981,651,2022,2
/home/ml/faster rcnn/VOCdevkit/VOC2007/JPEGImages/04_spur_05.jpg 2202,879,2264,951,4 2075,637,2122,726,4 1635,722,1675,779,4
/home/ml/faster rcnn/VOCdevkit/VOC2007/JPEGImages/01_spurious_copper_09.jpg 1537,870,1580,990,5 2039,1164,2068,1288,5 1226,1091,1311,1124,5
/home/ml/faster rcnn/VOCdevkit/VOC2007/JPEGImages/12_mouse_bite_06.jpg 1546,903,1598,977,1 1958,546,2011,623,1 1804,1454,1855,1530,1 735,1132,815,1181,1 624,1470,697,1523,1
/home/ml/faster rcnn/VOCdevkit/VOC2007/JPEGImages/01_mouse_bite_17.jpg 2168,854,2200,887,1 1513,919,1545,957,1 2727,1245,2761,1289,1
/home/ml/faster rcnn/VOCdevkit/VOC2007/JPEGImages/05_mouse_bite_09.jpg 981,567,1052,612,1 1525,579,1588,621,1 1624,1013,1675,1068,1 1605,1467,1650,1509,1 1542,1663,1601,1710,1
/home/ml/faster rcnn/VOCdevkit/VOC2007/JPEGImages/07_spur_09.jpg 703,989,755,1100,4 467,808,565,894,4 2098,596,2177,658,4 2534,919,2605,1060,4 1475,1641,1613,1696,4
/home/ml/faster rcnn/VOCdevkit/VOC2007/JPEGImages/08_short_06.jpg 2009,728,2138,821,3 710,1206,791,1284,3 600,1933,681,2015,3 338,1682,407,1733,3 2246,1200,2322,1274,3
/home/ml/faster rcnn/VOCdevkit/VOC2007/JPEGImages/09_open_circuit_05.jpg 1197,431,1256,492,2 2007,304,2054,346,2 2210,1030,2254,1076,2 1671,1019,1711,1058,2 1627,1125,1663,1163,2
/home/ml/faster rcnn/VOCdevkit/VOC2007/JPEGImages/05_spurious_copper_08.jpg 703,1340,850,1379,5 1835,1309,1983,1349,5 1755,1363,1902,1399,5 152,1032,191,1171,5 2341,1640,2375,1751,5
/home/ml/faster rcnn/VOCdevkit/VOC2007/JPEGImages/01_missing_hole_05.jpg 804,298,860,365,0 279,294,353,374,0 1068,1051,1110,1107,0 1613,392,1677,460,0
/home/ml/faster rcnn/VOCdevkit/VOC2007/JPEGImages/05_spur_01.jpg 580,1438,645,1490,4 1947,1465,2025,1506,4 1577,726,1641,776,4 919,959,1014,1012,4 1617,1013,1691,1071,4
/home/ml/faster rcnn/VOCdevkit/VOC2007/JPEGImages/09_open_circuit_06.jpg 1395,735,1446,769,2 1196,866,1254,909,2 1061,1127,1103,1162,2 2320,570,2365,620,2 1619,1289,1655,1328,2
/home/ml/faster rcnn/VOCdevkit/VOC2007/JPEGImages/05_short_04.jpg 1856,1332,1938,1413,3 1380,1512,1449,1584,3 1983,904,2099,984,3
/home/ml/faster rcnn/VOCdevkit/VOC2007/JPEGImages/06_spur_10.jpg 2494,1829,2537,1959,4 1147,656,1232,707,4 676,892,737,1002,4 788,1515,904,1559,4 1493,654,1543,732,4
/home/ml/faster rcnn/VOCdevkit/VOC2007/JPEGImages/07_short_03.jpg 1449,584,1539,676,3 1794,638,1879,732,3 2115,826,2205,934,3 1403,786,1510,867,3 1162,881,1234,950,3
/home/ml/faster rcnn/VOCdevkit/VOC2007/JPEGImages/05_short_03.jpg 2285,1818,2364,1893,3 2400,1684,2460,1740,3 1578,1135,1660,1207,3
/home/ml/faster rcnn/VOCdevkit/VOC2007/JPEGImages/01_spur_17.jpg 2205,595,2237,638,4 1923,750,1964,780,4 2482,597,2525,630,4
/home/ml/faster rcnn/VOCdevkit/VOC2007/JPEGImages/01_missing_hole_20.jpg 2635,1102,2695,1160,0 228,574,275,629,0 2528,227,2588,302,0
/home/ml/faster rcnn/VOCdevkit/VOC2007/JPEGImages/12_mouse_bite_02.jpg 1317,503,1369,572,1 2217,401,2273,475,1 1660,1414,1704,1474,1 324,1163,367,1234,1 1027,1075,1095,1128,1
/home/ml/faster rcnn/VOCdevkit/VOC2007/JPEGImages/07_spurious_copper_07.jpg 1870,777,1918,894,5 2125,791,2279,857,5 1029,927,1201,989,5 2215,584,2267,669,5 1982,439,2080,512,5
/home/ml/faster rcnn/VOCdevkit/VOC2007/JPEGImages/05_spur_07.jpg 1828,1334,1906,1387,4 374,329,470,379,4 1991,418,2067,467,4 1224,1746,1305,1799,4 1872,756,1966,820,4
/home/ml/faster rcnn/VOCdevkit/VOC2007/JPEGImages/05_spurious_copper_06.jpg 1810,1345,1977,1401,5 1933,363,2056,412,5 1519,653,1649,706,5 1877,782,1980,824,5 1497,1240,1544,1354,5
/home/ml/faster rcnn/VOCdevkit/VOC2007/JPEGImages/06_open_circuit_02.jpg 2043,959,2081,998,2 1930,1119,1962,1153,2 451,1586,486,1628,2 969,2171,1038,2239,2 527,1919,566,1966,2
/home/ml/faster rcnn/VOCdevkit/VOC2007/JPEGImages/04_short_01.jpg 857,1171,944,1250,3 1364,473,1448,561,3 1357,1519,1446,1613,3
/home/ml/faster rcnn/VOCdevkit/VOC2007/JPEGImages/06_spur_03.jpg 1860,2086,1991,2159,4 2077,649,2140,747,4 391,905,489,968,4 1008,1280,1047,1370,4 1608,1519,1691,1570,4
/home/ml/faster rcnn/VOCdevkit/VOC2007/JPEGImages/04_open_circuit_16.jpg 1718,813,1784,871,2 1964,1239,2041,1299,2 1795,958,1849,1035,2
/home/ml/faster rcnn/VOCdevkit/VOC2007/JPEGImages/01_spurious_copper_18.jpg 1680,886,1754,1012,5 1181,1093,1366,1164,5 754,1286,821,1359,5
/home/ml/faster rcnn/VOCdevkit/VOC2007/JPEGImages/11_missing_hole_06.jpg 1076,862,1150,940,0 1161,729,1242,826,0 1507,868,1586,947,0 819,1268,896,1360,0 527,1752,611,1837,0
/home/ml/faster rcnn/VOCdevkit/VOC2007/JPEGImages/07_open_circuit_04.jpg 642,227,717,298,2 862,507,914,579,2 1987,243,2051,291,2 2689,572,2736,619,2 2355,660,2418,715,2
/home/ml/faster rcnn/VOCdevkit/VOC2007/JPEGImages/01_mouse_bite_20.jpg 1339,1366,1382,1410,1 995,1312,1040,1351,1 792,1296,834,1340,1
/home/ml/faster rcnn/VOCdevkit/VOC2007/JPEGImages/08_spur_10.jpg 1561,1166,1610,1257,4 1681,908,1722,988,4 2389,1292,2428,1382,4 697,1241,789,1285,4 2082,706,2119,787,4
/home/ml/faster rcnn/VOCdevkit/VOC2007/JPEGImages/09_mouse_bite_10.jpg 1487,289,1543,361,1 1022,554,1084,605,1 1120,713,1179,784,1 2104,964,2195,1013,1 569,1112,631,1177,1
/home/ml/faster rcnn/VOCdevkit/VOC2007/JPEGImages/04_spur_04.jpg 1913,1319,1986,1421,4 608,1304,664,1391,4 424,1322,482,1421,4
/home/ml/faster rcnn/VOCdevkit/VOC2007/JPEGImages/11_mouse_bite_08.jpg 1511,1073,1565,1165,1 676,1068,755,1124,1 925,1203,994,1255,1 1432,1591,1489,1665,1 1039,524,1117,598,1
/home/ml/faster rcnn/VOCdevkit/VOC2007/JPEGImages/11_spurious_copper_01.jpg 904,350,958,434,5 1117,642,1163,739,5 1222,1088,1296,1131,5 1170,1422,1206,1494,5 827,1363,883,1411,5
/home/ml/faster rcnn/VOCdevkit/VOC2007/JPEGImages/05_short_01.jpg 1653,1249,1728,1326,3 2163,1776,2256,1860,3 2264,1490,2331,1551,3
/home/ml/faster rcnn/VOCdevkit/VOC2007/JPEGImages/01_spurious_copper_20.jpg 1626,869,1680,983,5 1610,1124,1746,1180,5 2783,783,2842,916,5
/home/ml/faster rcnn/VOCdevkit/VOC2007/JPEGImages/12_missing_hole_06.jpg 1184,1015,1237,1077,0 1597,1014,1655,1077,0 2218,981,2282,1043,0 1129,1466,1184,1530,0 380,1097,442,1154,0
/home/ml/faster rcnn/VOCdevkit/VOC2007/JPEGImages/11_spurious_copper_04.jpg 1109,678,1161,778,5 773,642,891,691,5 1407,873,1452,965,5 1184,1222,1286,1268,5 1804,1839,1858,1926,5
/home/ml/faster rcnn/VOCdevkit/VOC2007/JPEGImages/04_short_05.jpg 1742,782,1839,882,3 2097,1026,2226,1155,3 1886,375,1988,477,3
/home/ml/faster rcnn/VOCdevkit/VOC2007/JPEGImages/12_spurious_copper_04.jpg 1391,686,1447,790,5 1935,750,1986,854,5 984,1646,1095,1688,5 591,1508,677,1557,5 427,1063,509,1123,5
/home/ml/faster rcnn/VOCdevkit/VOC2007/JPEGImages/11_mouse_bite_09.jpg 1073,657,1147,731,1 1255,1155,1330,1209,1 1101,1950,1199,2017,1 511,1399,573,1488,1 658,1650,739,1729,1
/home/ml/faster rcnn/VOCdevkit/VOC2007/JPEGImages/08_short_10.jpg 773,913,879,972,3 1546,606,1610,667,3 1927,662,2002,725,3 2384,1356,2458,1420,3 782,1788,850,1862,3
/home/ml/faster rcnn/VOCdevkit/VOC2007/JPEGImages/04_spurious_copper_04.jpg 1796,1019,1839,1089,5 474,1236,527,1382,5 938,1106,1023,1176,5
/home/ml/faster rcnn/VOCdevkit/VOC2007/JPEGImages/09_short_04.jpg 1913,143,2023,205,3 1574,258,1643,320,3 1622,535,1705,604,3 2210,1249,2279,1310,3 1951,1130,2023,1195,3
/home/ml/faster rcnn/VOCdevkit/VOC2007/JPEGImages/12_short_05.jpg 2047,1186,2118,1279,3 1706,1450,1797,1501,3 2127,1581,2180,1672,3 546,1588,597,1657,3 1560,1792,1618,1874,3
/home/ml/faster rcnn/VOCdevkit/VOC2007/JPEGImages/11_spurious_copper_02.jpg 755,840,832,888,5 547,850,620,906,5 501,1381,545,1472,5 711,1591,788,1681,5 1411,1606,1458,1699,5
/home/ml/faster rcnn/VOCdevkit/VOC2007/JPEGImages/06_missing_hole_04.jpg 921,542,967,592,0 725,924,788,976,0 316,1485,381,1544,0 1155,1473,1213,1529,0 1350,1956,1401,2007,0
/home/ml/faster rcnn/VOCdevkit/VOC2007/JPEGImages/11_short_03.jpg 1061,339,1183,429,3 860,1165,953,1244,3 1220,1104,1312,1213,3 516,1378,624,1447,3 593,853,717,953,3
/home/ml/faster rcnn/VOCdevkit/VOC2007/JPEGImages/06_short_09.jpg 1104,364,1165,436,3 1745,476,1818,537,3 2030,314,2125,398,3 882,325,962,405,3 571,593,638,658,3
/home/ml/faster rcnn/VOCdevkit/VOC2007/JPEGImages/06_spur_06.jpg 2043,824,2091,946,4 1237,386,1332,431,4 1018,434,1116,480,4 943,1285,984,1376,4 299,714,394,756,4
/home/ml/faster rcnn/VOCdevkit/VOC2007/JPEGImages/06_short_04.jpg 2016,759,2079,807,3 1816,771,1871,822,3 1374,1566,1427,1617,3 486,920,574,1002,3 955,1042,1015,1097,3
/home/ml/faster rcnn/VOCdevkit/VOC2007/JPEGImages/06_open_circuit_04.jpg 1411,692,1450,734,2 682,954,718,997,2 469,1302,511,1341,2 1321,1208,1357,1241,2 441,910,485,954,2
/home/ml/faster rcnn/VOCdevkit/VOC2007/JPEGImages/04_spurious_copper_12.jpg 2189,840,2226,952,5 1946,1259,1984,1407,5 670,1241,953,1268,5
/home/ml/faster rcnn/VOCdevkit/VOC2007/JPEGImages/12_spur_08.jpg 1371,903,1431,972,4 922,1619,1027,1675,4 2080,2161,2162,2212,4 1335,2234,1437,2294,4 1891,1817,1987,1877,4
/home/ml/faster rcnn/VOCdevkit/VOC2007/JPEGImages/12_open_circuit_02.jpg 1914,681,1964,735,2 2220,564,2271,623,2 918,1017,971,1066,2 1535,1784,1602,1830,2 317,1161,366,1235,2
/home/ml/faster rcnn/VOCdevkit/VOC2007/JPEGImages/04_open_circuit_11.jpg 2231,1601,2310,1653,2 2473,1775,2541,1850,2 2390,1155,2451,1226,2
/home/ml/faster rcnn/VOCdevkit/VOC2007/JPEGImages/12_spurious_copper_02.jpg 1346,248,1397,359,5 1962,124,2080,168,5 913,1050,1006,1090,5 1984,1415,2037,1501,5 2295,997,2347,1081,5
/home/ml/faster rcnn/VOCdevkit/VOC2007/JPEGImages/09_spurious_copper_01.jpg 1294,1022,1417,1079,5 2171,1035,2223,1138,5 2525,815,2587,928,5 1935,161,1979,258,5 808,413,866,502,5
/home/ml/faster rcnn/VOCdevkit/VOC2007/JPEGImages/11_missing_hole_04.jpg 411,747,476,813,0 1553,683,1639,758,0 1420,1467,1502,1553,0 863,1747,935,1839,0 116,1776,255,1916,0
/home/ml/faster rcnn/VOCdevkit/VOC2007/JPEGImages/01_missing_hole_03.jpg 2651,487,2700,531,0 1342,749,1393,796,0 2082,582,2135,620,0
/home/ml/faster rcnn/VOCdevkit/VOC2007/JPEGImages/06_open_circuit_01.jpg 1493,1536,1528,1578,2 1033,512,1079,556,2 1679,788,1716,829,2 977,1332,1020,1376,2 1381,1081,1423,1115,2
/home/ml/faster rcnn/VOCdevkit/VOC2007/JPEGImages/11_open_circuit_10.jpg 1075,675,1132,731,2 1501,970,1571,1021,2 930,1108,986,1162,2 570,1621,619,1676,2 1314,1867,1375,1947,2
/home/ml/faster rcnn/VOCdevkit/VOC2007/JPEGImages/01_mouse_bite_11.jpg 1199,966,1234,1004,1 2042,755,2073,786,1 1472,607,1507,639,1
/home/ml/faster rcnn/VOCdevkit/VOC2007/JPEGImages/09_spurious_copper_05.jpg 812,413,856,523,5 564,720,608,841,5 908,725,951,833,5 1858,1186,1904,1320,5 1754,1610,1881,1658,5
/home/ml/faster rcnn/VOCdevkit/VOC2007/JPEGImages/04_mouse_bite_03.jpg 2010,435,2084,482,1 2157,862,2208,935,1 1153,473,1208,539,1
/home/ml/faster rcnn/VOCdevkit/VOC2007/JPEGImages/09_short_05.jpg 1486,479,1592,549,3 1074,574,1156,636,3 766,874,916,936,3 1204,874,1264,941,3 1802,989,1872,1059,3
/home/ml/faster rcnn/VOCdevkit/VOC2007/JPEGImages/01_mouse_bite_02.jpg 1526,1165,1571,1209,1 1985,951,2022,988,1 785,1035,824,1073,1
/home/ml/faster rcnn/VOCdevkit/VOC2007/JPEGImages/12_spurious_copper_09.jpg 1938,388,1986,490,5 2044,1515,2153,1563,5 1580,1804,1726,1855,5 537,1635,635,1684,5 2300,994,2349,1084,5
/home/ml/faster rcnn/VOCdevkit/VOC2007/JPEGImages/04_missing_hole_03.jpg 2474,1581,2547,1650,0 1279,1295,1351,1381,0 711,1626,775,1713,0
/home/ml/faster rcnn/VOCdevkit/VOC2007/JPEGImages/04_open_circuit_15.jpg 1891,1402,1955,1457,2 2382,1393,2457,1457,2 1875,521,1950,582,2
/home/ml/faster rcnn/VOCdevkit/VOC2007/JPEGImages/09_short_03.jpg 1151,902,1218,999,3 1812,994,1879,1059,3 2213,1102,2287,1154,3 1690,1402,1807,1463,3 1902,1433,1986,1494,3
/home/ml/faster rcnn/VOCdevkit/VOC2007/JPEGImages/08_spur_05.jpg 1656,905,1730,984,4 973,920,1032,1008,4 1168,1271,1227,1366,4 2419,1356,2464,1447,4 2255,1041,2307,1129,4
/home/ml/faster rcnn/VOCdevkit/VOC2007/JPEGImages/11_short_07.jpg 966,313,1075,372,3 1227,1108,1319,1193,3 1314,1639,1499,1726,3 517,1396,622,1447,3 639,1152,739,1239,3
/home/ml/faster rcnn/VOCdevkit/VOC2007/JPEGImages/10_mouse_bite_05.jpg 1155,406,1249,486,1 1975,486,2043,554,1 903,789,1007,863,1 1659,1042,1737,1132,1 1801,1518,1878,1571,1
/home/ml/faster rcnn/VOCdevkit/VOC2007/JPEGImages/06_spur_02.jpg 1401,654,1437,722,4 437,953,540,1000,4 445,1532,480,1608,4 2088,947,2132,1032,4 996,2146,1121,2209,4
/home/ml/faster rcnn/VOCdevkit/VOC2007/JPEGImages/06_mouse_bite_05.jpg 1747,576,1827,613,1 826,368,912,406,1 163,1220,204,1310,1 1059,1894,1115,1928,1 1824,1080,1856,1155,1
/home/ml/faster rcnn/VOCdevkit/VOC2007/JPEGImages/11_missing_hole_02.jpg 1158,222,1255,314,0 1025,960,1096,1055,0 1434,1260,1507,1363,0 512,1265,586,1357,0 1594,1862,1668,1958,0
/home/ml/faster rcnn/VOCdevkit/VOC2007/JPEGImages/01_spur_13.jpg 1516,1030,1549,1066,4 1653,1092,1689,1120,4
/home/ml/faster rcnn/VOCdevkit/VOC2007/JPEGImages/01_mouse_bite_04.jpg 1940,757,1974,785,1 2590,892,2624,929,1 2564,545,2603,583,1
/home/ml/faster rcnn/VOCdevkit/VOC2007/JPEGImages/05_short_02.jpg 1845,1340,1922,1412,3 1485,1706,1552,1771,3 136,995,205,1059,3
/home/ml/faster rcnn/VOCdevkit/VOC2007/JPEGImages/01_mouse_bite_09.jpg 957,886,990,916,1 176,1113,207,1144,1 597,803,626,840,1
/home/ml/faster rcnn/VOCdevkit/VOC2007/JPEGImages/10_open_circuit_06.jpg 1346,938,1398,1022,2 1014,1166,1113,1224,2 858,1534,930,1618,2 1670,1570,1776,1644,2 1962,1685,2049,1777,2
/home/ml/faster rcnn/VOCdevkit/VOC2007/JPEGImages/12_mouse_bite_10.jpg 1504,339,1551,395,1 1557,926,1607,981,1 758,1126,835,1181,1 527,1339,604,1390,1 2300,1695,2340,1772,1
/home/ml/faster rcnn/VOCdevkit/VOC2007/JPEGImages/07_short_09.jpg 1029,238,1129,329,3 1986,677,2096,772,3 1134,412,1237,529,3 1444,593,1542,681,3 817,238,930,339,3
/home/ml/faster rcnn/VOCdevkit/VOC2007/JPEGImages/07_mouse_bite_07.jpg 1317,598,1399,648,1 1555,886,1627,951,1 1923,610,1989,682,1 1237,869,1342,919,1 442,844,532,912,1
/home/ml/faster rcnn/VOCdevkit/VOC2007/JPEGImages/10_mouse_bite_04.jpg 1416,341,1501,400,1 1146,731,1249,806,1 1023,1161,1107,1238,1 1197,1647,1297,1721,1 742,853,839,942,1
/home/ml/faster rcnn/VOCdevkit/VOC2007/JPEGImages/04_spur_17.jpg 2201,846,2259,957,4 1786,808,1839,866,4 2628,1677,2675,1771,4
/home/ml/faster rcnn/VOCdevkit/VOC2007/JPEGImages/05_spurious_copper_10.jpg 641,315,861,368,5 542,706,714,757,5 1525,656,1669,707,5 1530,1078,1653,1201,5 1867,1349,2027,1401,5
/home/ml/faster rcnn/VOCdevkit/VOC2007/JPEGImages/11_short_08.jpg 1030,1065,1104,1160,3 1072,1403,1199,1450,3 430,1398,578,1457,3 424,1616,484,1727,3 1830,1760,1935,1819,3
/home/ml/faster rcnn/VOCdevkit/VOC2007/JPEGImages/04_spurious_copper_05.jpg 2190,837,2236,962,5 2099,633,2143,750,5 2378,1015,2468,1095,5
/home/ml/faster rcnn/VOCdevkit/VOC2007/JPEGImages/04_open_circuit_01.jpg 434,2177,491,2244,2 440,1374,498,1427,2 596,1213,677,1281,2
/home/ml/faster rcnn/VOCdevkit/VOC2007/JPEGImages/05_short_08.jpg 2361,1617,2431,1682,3 1467,1698,1558,1779,3 1706,542,1822,637,3
/home/ml/faster rcnn/VOCdevkit/VOC2007/JPEGImages/04_missing_hole_04.jpg 2113,1473,2186,1537,0 2570,1366,2646,1457,0 2564,946,2621,1019,0
/home/ml/faster rcnn/VOCdevkit/VOC2007/JPEGImages/09_open_circuit_02.jpg 1726,287,1761,316,2 995,428,1040,468,2 982,906,1036,951,2 1663,1018,1700,1056,2 1832,1183,1868,1225,2 2587,976,2633,1056,2
/home/ml/faster rcnn/VOCdevkit/VOC2007/JPEGImages/01_short_01.jpg 763,1136,828,1201,3 538,936,608,998,3 2300,1101,2355,1143,3
/home/ml/faster rcnn/VOCdevkit/VOC2007/JPEGImages/01_short_02.jpg 1010,1371,1065,1418,3 2560,556,2618,596,3 1500,1326,1558,1373,3
/home/ml/faster rcnn/VOCdevkit/VOC2007/JPEGImages/01_short_03.jpg 787,1206,841,1263,3 1003,1318,1063,1369,3 1318,1263,1379,1318,3
/home/ml/faster rcnn/VOCdevkit/VOC2007/JPEGImages/04_missing_hole_14.jpg 1121,1924,1173,1988,0 891,1404,944,1475,0 337,1142,393,1208,0
/home/ml/faster rcnn/VOCdevkit/VOC2007/JPEGImages/04_spur_13.jpg 2166,877,2224,962,4 521,2277,595,2337,4 2110,410,2184,459,4
/home/ml/faster rcnn/VOCdevkit/VOC2007/JPEGImages/04_missing_hole_01.jpg 2139,753,2189,824,0 2117,1590,2171,1646,0 1401,955,1464,1033,0
/home/ml/faster rcnn/VOCdevkit/VOC2007/JPEGImages/11_mouse_bite_05.jpg 839,127,937,188,1 781,606,871,673,1 1160,1111,1258,1160,1 535,1127,622,1196,1 743,1570,840,1640,1
/home/ml/faster rcnn/VOCdevkit/VOC2007/JPEGImages/06_open_circuit_06.jpg 1811,791,1845,826,2 1586,822,1625,857,2 1162,682,1205,726,2 431,724,491,768,2 807,737,843,772,2
/home/ml/faster rcnn/VOCdevkit/VOC2007/JPEGImages/11_missing_hole_09.jpg 857,224,937,313,0 912,593,983,673,0 1548,552,1637,637,0 712,1265,793,1350,0 1302,1749,1389,1834,0
/home/ml/faster rcnn/VOCdevkit/VOC2007/JPEGImages/06_mouse_bite_04.jpg 1224,606,1302,647,1 2242,842,2285,926,1 1958,1432,1996,1516,1 939,1288,975,1363,1 922,1068,985,1102,1
/home/ml/faster rcnn/VOCdevkit/VOC2007/JPEGImages/07_short_08.jpg 1522,631,1622,729,3 1875,677,1958,751,3 1773,843,1892,932,3 1344,826,1451,919,3 1108,907,1211,1000,3
/home/ml/faster rcnn/VOCdevkit/VOC2007/JPEGImages/08_mouse_bite_08.jpg 1258,1302,1305,1361,1 617,900,668,966,1 2274,1206,2333,1264,1 2555,1343,2610,1421,1 1520,592,1586,638,1
/home/ml/faster rcnn/VOCdevkit/VOC2007/JPEGImages/06_spurious_copper_03.jpg 1133,425,1291,470,5 2060,846,2111,964,5 1010,493,1047,573,5 2057,322,2101,419,5 1510,632,1560,737,5
/home/ml/faster rcnn/VOCdevkit/VOC2007/JPEGImages/08_spurious_copper_01.jpg 915,1226,1020,1277,5 1778,1266,1907,1316,5 797,892,845,1003,5 2284,1028,2330,1131,5 2063,716,2110,820,5
/home/ml/faster rcnn/VOCdevkit/VOC2007/JPEGImages/05_spur_08.jpg 1542,638,1625,696,4 661,634,767,699,4 570,1304,661,1368,4 1924,1362,2017,1417,4 478,331,560,379,4
/home/ml/faster rcnn/VOCdevkit/VOC2007/JPEGImages/04_open_circuit_13.jpg 539,1453,602,1511,2 1706,279,1786,348,2 559,504,621,566,2
/home/ml/faster rcnn/VOCdevkit/VOC2007/JPEGImages/12_spurious_copper_05.jpg 1491,1550,1600,1595,5 1169,1648,1287,1694,5 1933,1435,1973,1519,5 1086,1854,1180,1901,5 84,1844,142,1954,5
/home/ml/faster rcnn/VOCdevkit/VOC2007/JPEGImages/12_spur_02.jpg 1904,624,1949,708,4 1748,1434,1795,1530,4 379,1617,505,1671,4 1347,2157,1438,2208,4 1958,1819,2067,1868,4
/home/ml/faster rcnn/VOCdevkit/VOC2007/JPEGImages/08_short_05.jpg 1958,1202,2053,1261,3 2250,1220,2327,1277,3 245,1741,312,1800,3 2386,1328,2453,1390,3 1976,605,2051,666,3
/home/ml/faster rcnn/VOCdevkit/VOC2007/JPEGImages/05_short_06.jpg 585,634,672,728,3 1999,874,2080,943,3 1981,356,2056,423,3
/home/ml/faster rcnn/VOCdevkit/VOC2007/JPEGImages/05_missing_hole_03.jpg 1118,243,1179,309,0 2050,820,2089,874,0 1102,1023,1175,1079,0 220,737,286,798,0 1450,1318,1514,1376,0
/home/ml/faster rcnn/VOCdevkit/VOC2007/JPEGImages/09_spur_03.jpg 1202,812,1294,868,4 1892,1222,1933,1305,4 772,420,818,499,4 2038,176,2084,256,4 2202,1031,2251,1100,4
/home/ml/faster rcnn/VOCdevkit/VOC2007/JPEGImages/01_open_circuit_13.jpg 580,1083,605,1110,2 443,904,473,935,2 1330,792,1361,822,2
/home/ml/faster rcnn/VOCdevkit/VOC2007/JPEGImages/04_short_04.jpg 704,1824,828,1924,3 2046,1655,2119,1748,3 241,2111,335,2199,3
/home/ml/faster rcnn/VOCdevkit/VOC2007/JPEGImages/11_missing_hole_05.jpg 1755,1749,1834,1842,0 1417,1744,1499,1832,0 2022,1806,2122,1899,0 861,1749,939,1837,0 1145,1868,1217,1952,0
/home/ml/faster rcnn/VOCdevkit/VOC2007/JPEGImages/09_open_circuit_09.jpg 1622,262,1674,293,2 1344,487,1387,530,2 773,903,836,939,2 2285,1068,2332,1104,2 1135,1125,1176,1161,2
/home/ml/faster rcnn/VOCdevkit/VOC2007/JPEGImages/01_short_20.jpg 721,1115,774,1173,3 609,881,662,939,3 1236,1375,1296,1427,3 1671,297,1738,379,3
/home/ml/faster rcnn/VOCdevkit/VOC2007/JPEGImages/07_missing_hole_05.jpg 1305,513,1387,600,0 875,758,953,831,0 1241,722,1311,807,0 565,299,653,390,0 432,551,511,639,0
/home/ml/faster rcnn/VOCdevkit/VOC2007/JPEGImages/01_missing_hole_09.jpg 1222,620,1293,689,0 482,1118,539,1180,0 162,482,222,542,0
/home/ml/faster rcnn/VOCdevkit/VOC2007/JPEGImages/04_spurious_copper_18.jpg 2100,629,2143,740,5 2194,828,2232,959,5 1625,716,1659,812,5
/home/ml/faster rcnn/VOCdevkit/VOC2007/JPEGImages/12_open_circuit_07.jpg 1857,690,1909,741,2 1806,1488,1855,1539,2 2264,1599,2306,1654,2 2377,1966,2417,2039,2 1095,2154,1152,2191,2
/home/ml/faster rcnn/VOCdevkit/VOC2007/JPEGImages/04_spur_20.jpg 1955,1273,1997,1375,4 490,1273,530,1371,4 1170,1873,1221,1962,4
/home/ml/faster rcnn/VOCdevkit/VOC2007/JPEGImages/08_open_circuit_07.jpg 1959,1179,1990,1225,2 2250,1050,2290,1107,2 2556,1644,2596,1695,2 870,1211,914,1243,2 1117,993,1155,1034,2
/home/ml/faster rcnn/VOCdevkit/VOC2007/JPEGImages/04_spur_08.jpg 1946,1350,2017,1446,4 962,1026,1013,1099,4 477,1290,531,1390,4
/home/ml/faster rcnn/VOCdevkit/VOC2007/JPEGImages/07_mouse_bite_03.jpg 1092,576,1147,646,1 706,962,763,1046,1 1960,557,2020,620,1 2546,574,2594,665,1 2328,1032,2382,1141,1
/home/ml/faster rcnn/VOCdevkit/VOC2007/JPEGImages/01_spurious_copper_01.jpg 1639,1052,1711,1100,5 2142,1123,2199,1165,5 782,1096,840,1152,5
/home/ml/faster rcnn/VOCdevkit/VOC2007/JPEGImages/04_mouse_bite_18.jpg 1810,1088,1891,1150,1 593,1368,655,1448,1 1626,890,1681,957,1
/home/ml/faster rcnn/VOCdevkit/VOC2007/JPEGImages/08_mouse_bite_05.jpg 2091,764,2138,818,1 1514,595,1586,643,1 1566,1202,1625,1264,1 1246,1326,1302,1387,1 293,1227,350,1288,1
/home/ml/faster rcnn/VOCdevkit/VOC2007/JPEGImages/12_short_01.jpg 1713,584,1795,643,3 1197,1834,1253,1915,3 615,2237,695,2312,3 266,1134,366,1210,3 2174,785,2265,848,3
/home/ml/faster rcnn/VOCdevkit/VOC2007/JPEGImages/08_mouse_bite_07.jpg 1033,977,1086,1028,1 1953,1050,2010,1111,1 2396,987,2450,1061,1 2371,1634,2456,1690,1 1987,1784,2058,1839,1
/home/ml/faster rcnn/VOCdevkit/VOC2007/JPEGImages/04_spur_16.jpg 457,1295,510,1393,4 2417,1368,2473,1459,4 2386,1002,2461,1064,4
/home/ml/faster rcnn/VOCdevkit/VOC2007/JPEGImages/11_spur_08.jpg 452,235,576,345,4 307,581,409,701,4 1680,1611,1802,1690,4 1181,837,1281,908,4 1275,332,1412,425,4
/home/ml/faster rcnn/VOCdevkit/VOC2007/JPEGImages/09_missing_hole_07.jpg 200,572,266,627,0 1474,1059,1531,1122,0 2472,881,2543,941,0 1610,643,1677,713,0 846,1343,902,1400,0 2187,100,2245,163,0
/home/ml/faster rcnn/VOCdevkit/VOC2007/JPEGImages/04_spur_12.jpg 1959,1326,2008,1431,4 659,1219,759,1268,4 859,1118,928,1161,4
/home/ml/faster rcnn/VOCdevkit/VOC2007/JPEGImages/08_spur_01.jpg 1563,1152,1623,1228,4 961,1231,1033,1277,4 604,1933,687,1982,4 2378,1293,2414,1390,4 2079,705,2119,805,4
/home/ml/faster rcnn/VOCdevkit/VOC2007/JPEGImages/08_short_08.jpg 973,918,1087,985,3 2248,1205,2335,1269,3 2559,1231,2643,1334,3 1076,1215,1148,1280,3 1953,1441,2051,1511,3
/home/ml/faster rcnn/VOCdevkit/VOC2007/JPEGImages/04_open_circuit_04.jpg 395,506,455,564,2 1797,815,1866,859,2 1224,301,1297,355,2
/home/ml/faster rcnn/VOCdevkit/VOC2007/JPEGImages/11_missing_hole_07.jpg 1170,737,1240,817,0 1330,968,1407,1049,0 512,962,591,1039,0 714,1885,761,1931,0 820,1881,868,1931,0
/home/ml/faster rcnn/VOCdevkit/VOC2007/JPEGImages/07_spur_07.jpg 1518,636,1599,686,4 1942,572,2018,639,4 1494,884,1555,941,4 1025,1122,1120,1172,4 711,962,777,1065,4
/home/ml/faster rcnn/VOCdevkit/VOC2007/JPEGImages/04_missing_hole_13.jpg 711,1922,773,1986,0 659,1410,713,1473,0 177,453,255,524,0
/home/ml/faster rcnn/VOCdevkit/VOC2007/JPEGImages/11_open_circuit_03.jpg 866,376,922,422,2 1504,1075,1583,1137,2 963,1113,1024,1163,2 1076,1476,1135,1534,2 1319,1673,1371,1722,2
/home/ml/faster rcnn/VOCdevkit/VOC2007/JPEGImages/05_open_circuit_09.jpg 2245,1360,2308,1412,2 1616,1858,1666,1905,2 2132,1547,2193,1592,2
/home/ml/faster rcnn/VOCdevkit/VOC2007/JPEGImages/04_missing_hole_20.jpg 1635,1430,1688,1502,0 1053,1410,1106,1471,0 2110,1471,2177,1537,0
/home/ml/faster rcnn/VOCdevkit/VOC2007/JPEGImages/01_mouse_bite_06.jpg 1198,1312,1244,1350,1 2629,319,2665,352,1 2821,824,2853,872,1
/home/ml/faster rcnn/VOCdevkit/VOC2007/JPEGImages/04_open_circuit_19.jpg 1562,1206,1624,1259,2 1850,1764,1927,1821,2 908,1253,968,1302,2
/home/ml/faster rcnn/VOCdevkit/VOC2007/JPEGImages/06_spurious_copper_09.jpg 1172,429,1289,469,5 1497,1515,1591,1555,5 1108,834,1181,872,5 706,892,741,991,5 1055,1136,1114,1171,5
/home/ml/faster rcnn/VOCdevkit/VOC2007/JPEGImages/10_open_circuit_05.jpg 1148,409,1201,486,2 1277,587,1374,647,2 1827,408,1890,486,2 1255,879,1353,944,2 1737,754,1794,837,2
/home/ml/faster rcnn/VOCdevkit/VOC2007/JPEGImages/11_mouse_bite_04.jpg 773,596,860,668,1 1029,1152,1112,1206,1 827,1386,902,1453,1 698,1608,781,1676,1 494,740,553,822,1
/home/ml/faster rcnn/VOCdevkit/VOC2007/JPEGImages/01_missing_hole_14.jpg 2295,640,2359,712,0 159,751,220,812,0 864,623,917,680,0
/home/ml/faster rcnn/VOCdevkit/VOC2007/JPEGImages/11_missing_hole_03.jpg 1420,447,1517,539,0 953,747,1045,829,0 294,740,389,824,0 717,970,778,1044,0 619,1442,681,1526,0
/home/ml/faster rcnn/VOCdevkit/VOC2007/JPEGImages/12_missing_hole_03.jpg 1549,832,1604,894,0 378,1095,444,1157,0 258,1375,331,1464,0 980,1955,1047,2024,0 1637,1964,1707,2030,0 149,1708,222,1772,0
/home/ml/faster rcnn/VOCdevkit/VOC2007/JPEGImages/01_spur_05.jpg 1912,815,1966,856,4 2323,1098,2356,1134,4 2157,844,2208,884,4
/home/ml/faster rcnn/VOCdevkit/VOC2007/JPEGImages/12_open_circuit_04.jpg 1373,361,1417,410,2 1497,372,1546,419,2 900,734,951,784,2 633,1235,678,1279,2 1380,924,1427,966,2
/home/ml/faster rcnn/VOCdevkit/VOC2007/JPEGImages/05_spurious_copper_02.jpg 977,832,1103,876,5 1524,779,1652,818,5 1836,1353,1938,1393,5 172,1307,249,1373,5 1156,1351,1195,1448,5
/home/ml/faster rcnn/VOCdevkit/VOC2007/JPEGImages/04_open_circuit_12.jpg 2135,855,2202,911,2 908,1110,977,1161,2 1162,1201,1228,1264,2
/home/ml/faster rcnn/VOCdevkit/VOC2007/JPEGImages/04_missing_hole_08.jpg 1967,1177,2047,1253,0 1344,1430,1402,1502,0 1742,1428,1806,1504,0
/home/ml/faster rcnn/VOCdevkit/VOC2007/JPEGImages/10_short_05.jpg 975,557,1126,670,3 1777,711,1892,837,3 1385,1164,1537,1286,3 1821,1664,1933,1787,3 1139,1447,1262,1586,3
/home/ml/faster rcnn/VOCdevkit/VOC2007/JPEGImages/07_short_02.jpg 1872,619,1975,698,3 1773,844,1891,941,3 1427,791,1523,874,3 963,839,1082,931,3 815,236,932,334,3
/home/ml/faster rcnn/VOCdevkit/VOC2007/JPEGImages/01_missing_hole_12.jpg 1062,1047,1117,1112,0 2633,932,2702,989,0 2460,1220,2528,1276,0
/home/ml/faster rcnn/VOCdevkit/VOC2007/JPEGImages/06_mouse_bite_08.jpg 2240,714,2286,834,1 1930,1297,1961,1380,1 1439,1083,1533,1113,1 1874,1780,1959,1810,1 893,1760,978,1799,1 1539,724,1576,795,1
/home/ml/faster rcnn/VOCdevkit/VOC2007/JPEGImages/06_spur_07.jpg 2087,1037,2131,1142,4 1432,402,1535,456,4 982,483,1042,559,4 1267,1651,1310,1732,4 1345,1197,1408,1235,4
/home/ml/faster rcnn/VOCdevkit/VOC2007/JPEGImages/09_open_circuit_07.jpg 1827,1477,1877,1521,2 2216,1033,2252,1078,2 2292,1808,2338,1848,2 349,1681,416,1736,2 2412,1566,2455,1601,2
/home/ml/faster rcnn/VOCdevkit/VOC2007/JPEGImages/12_missing_hole_08.jpg 2203,1715,2266,1781,0 382,1046,438,1095,0 504,686,562,741,0 809,1957,875,2026,0 875,263,937,314,0
/home/ml/faster rcnn/VOCdevkit/VOC2007/JPEGImages/01_spur_07.jpg 1668,402,1708,443,4 1695,579,1737,621,4 1326,390,1398,452,4
/home/ml/faster rcnn/VOCdevkit/VOC2007/JPEGImages/05_spurious_copper_01.jpg 1511,662,1597,701,5 606,596,766,645,5 1927,1349,2022,1398,5 1642,293,1711,365,5 2111,1631,2153,1699,5
/home/ml/faster rcnn/VOCdevkit/VOC2007/JPEGImages/08_spur_08.jpg 766,1197,897,1262,4 1437,1313,1525,1362,4 2004,825,2050,888,4 2256,1287,2304,1408,4 2402,987,2458,1061,4
/home/ml/faster rcnn/VOCdevkit/VOC2007/JPEGImages/08_mouse_bite_02.jpg 1768,595,1850,639,1 2002,762,2069,829,1 1666,911,1738,977,1 450,908,522,990,1 764,1238,837,1287,1
/home/ml/faster rcnn/VOCdevkit/VOC2007/JPEGImages/06_open_circuit_09.jpg 2099,983,2142,1053,2 1793,1666,1865,1698,2 1491,1132,1594,1155,2 1200,1063,1226,1132,2 1896,1890,1961,1922,2
/home/ml/faster rcnn/VOCdevkit/VOC2007/JPEGImages/11_open_circuit_05.jpg 752,124,809,186,2 970,383,1025,435,2 1509,970,1573,1053,2 624,1160,683,1229,2 1080,1467,1137,1526,2
/home/ml/faster rcnn/VOCdevkit/VOC2007/JPEGImages/10_spurious_copper_04.jpg 1272,557,1316,641,5 1246,231,1355,279,5 1636,1050,1679,1137,5 1868,996,1921,1071,5 1978,1419,2017,1493,5
/home/ml/faster rcnn/VOCdevkit/VOC2007/JPEGImages/01_open_circuit_01.jpg 1539,1149,1584,1205,2 1071,1342,1113,1380,2 1684,467,1727,503,2
/home/ml/faster rcnn/VOCdevkit/VOC2007/JPEGImages/11_spurious_copper_03.jpg 640,604,719,670,5 414,1311,463,1424,5 1424,1160,1488,1234,5 1463,1565,1520,1655,5 1739,1613,1820,1670,5
/home/ml/faster rcnn/VOCdevkit/VOC2007/JPEGImages/07_short_05.jpg 1896,634,1992,717,3 1418,908,1537,998,3 2184,610,2313,691,3 1453,463,1584,546,3 2113,451,2217,534,3
/home/ml/faster rcnn/VOCdevkit/VOC2007/JPEGImages/09_spur_05.jpg 1125,712,1167,789,4 1840,1200,1882,1276,4 1943,1131,1986,1228,4 1140,433,1190,507,4 1061,1112,1102,1177,4
/home/ml/faster rcnn/VOCdevkit/VOC2007/JPEGImages/06_spurious_copper_06.jpg 2067,1144,2104,1239,5 2559,1537,2594,1673,5 296,703,399,756,5 1106,839,1193,881,5 2172,1449,2240,1581,5
/home/ml/faster rcnn/VOCdevkit/VOC2007/JPEGImages/09_spur_09.jpg 913,887,1017,948,4 1810,1163,1874,1248,4 1994,1049,2041,1159,4 1541,1520,1645,1571,4 359,1668,449,1713,4
/home/ml/faster rcnn/VOCdevkit/VOC2007/JPEGImages/04_missing_hole_12.jpg 1650,750,1721,826,0 326,802,402,864,0 177,1144,250,1213,0
/home/ml/faster rcnn/VOCdevkit/VOC2007/JPEGImages/01_spurious_copper_06.jpg 751,1023,850,1125,5 1669,663,1732,694,5 2597,467,2653,503,5
/home/ml/faster rcnn/VOCdevkit/VOC2007/JPEGImages/06_open_circuit_10.jpg 1988,995,2020,1050,2 1299,1036,1351,1080,2 938,1319,977,1378,2 632,302,683,341,2 1368,325,1458,367,2
/home/ml/faster rcnn/VOCdevkit/VOC2007/JPEGImages/09_missing_hole_05.jpg 1264,645,1325,697,0 202,710,266,768,0 2625,754,2689,818,0 2025,504,2079,556,0 1733,1556,1790,1612,0
/home/ml/faster rcnn/VOCdevkit/VOC2007/JPEGImages/08_mouse_bite_01.jpg 1559,1182,1612,1241,1 571,1305,628,1354,1 2253,397,2340,462,1 2143,697,2205,746,1 1576,1818,1658,1874,1
/home/ml/faster rcnn/VOCdevkit/VOC2007/JPEGImages/07_spurious_copper_08.jpg 1358,477,1449,529,5 1029,936,1186,979,5 1306,850,1460,903,5 1736,851,1772,920,5 1986,863,2122,910,5
/home/ml/faster rcnn/VOCdevkit/VOC2007/JPEGImages/01_mouse_bite_16.jpg 2547,318,2582,352,1 2210,1113,2249,1160,1 2768,306,2795,344,1
/home/ml/faster rcnn/VOCdevkit/VOC2007/JPEGImages/01_short_06.jpg 754,1336,823,1402,3 2065,1376,2136,1445,3 445,923,517,991,3
/home/ml/faster rcnn/VOCdevkit/VOC2007/JPEGImages/05_spurious_copper_09.jpg 1145,370,1186,504,5 1720,1460,1888,1499,5 1883,1532,2089,1576,5 2113,1592,2156,1712,5 1399,1913,1563,1959,5
/home/ml/faster rcnn/VOCdevkit/VOC2007/JPEGImages/08_open_circuit_02.jpg 972,929,1027,977,2 884,1243,933,1284,2 281,1816,314,1862,2 2412,1011,2443,1052,2 2019,1322,2054,1369,2
/home/ml/faster rcnn/VOCdevkit/VOC2007/JPEGImages/01_mouse_bite_05.jpg 2151,1155,2184,1191,1 2164,296,2205,331,1 2201,615,2233,654,1
/home/ml/faster rcnn/VOCdevkit/VOC2007/JPEGImages/12_open_circuit_05.jpg 1864,754,1906,803,2 1695,1083,1742,1128,2 1864,1437,1900,1484,2 1413,1570,1449,1610,2 835,1825,884,1870,2
/home/ml/faster rcnn/VOCdevkit/VOC2007/JPEGImages/09_spur_04.jpg 2110,963,2208,1012,4 1545,474,1587,551,4 723,425,764,504,4 854,1115,900,1177,4 530,810,589,905,4
/home/ml/faster rcnn/VOCdevkit/VOC2007/JPEGImages/12_missing_hole_09.jpg 2118,259,2177,323,0 842,1270,898,1332,0 1137,1008,1187,1072,0 2078,1086,2129,1130,0 1438,1321,1498,1384,0
/home/ml/faster rcnn/VOCdevkit/VOC2007/JPEGImages/08_spurious_copper_06.jpg 1625,906,1682,1010,5 663,1225,763,1270,5 292,1813,340,1902,5 2402,1293,2441,1415,5 1989,1425,2032,1508,5
/home/ml/faster rcnn/VOCdevkit/VOC2007/JPEGImages/06_missing_hole_03.jpg 1528,395,1588,446,0 710,768,799,841,0 1093,976,1155,1044,0 242,897,306,959,0 603,203,652,247,0
/home/ml/faster rcnn/VOCdevkit/VOC2007/JPEGImages/07_missing_hole_10.jpg 2048,291,2134,374,0 2046,736,2113,791,0 1377,519,1456,594,0 737,553,844,641,0 423,544,513,638,0
/home/ml/faster rcnn/VOCdevkit/VOC2007/JPEGImages/12_spurious_copper_10.jpg 1777,334,1831,426,5 1395,935,1457,992,5 1837,1441,1871,1530,5 1078,1854,1171,1901,5 311,1632,395,1684,5
/home/ml/faster rcnn/VOCdevkit/VOC2007/JPEGImages/04_short_03.jpg 2255,1562,2362,1702,3 1404,1148,1526,1264,3 975,2024,1126,2197,3
/home/ml/faster rcnn/VOCdevkit/VOC2007/JPEGImages/06_mouse_bite_01.jpg 1299,366,1372,407,1 1406,681,1445,741,1 1508,1609,1567,1644,1 2528,1580,2567,1654,1 589,1634,627,1693,1
/home/ml/faster rcnn/VOCdevkit/VOC2007/JPEGImages/01_open_circuit_10.jpg 1412,1141,1456,1182,2 1694,239,1721,273,2 1207,974,1232,999,2
/home/ml/faster rcnn/VOCdevkit/VOC2007/JPEGImages/04_short_07.jpg 893,1508,990,1610,3 1902,1344,2039,1457,3 2019,1641,2124,1768,3
/home/ml/faster rcnn/VOCdevkit/VOC2007/JPEGImages/01_mouse_bite_03.jpg 1019,500,1079,558,1 1264,1067,1301,1100,1 1683,638,1723,677,1
/home/ml/faster rcnn/VOCdevkit/VOC2007/JPEGImages/10_open_circuit_02.jpg 1291,573,1372,629,2 1537,187,1591,253,2 1978,537,2040,587,2 2005,1321,2108,1373,2 1805,1111,1885,1164,2
/home/ml/faster rcnn/VOCdevkit/VOC2007/JPEGImages/05_spur_09.jpg 1563,787,1633,840,4 791,856,895,924,4 617,606,727,678,4 2016,1470,2080,1512,4 1277,1470,1331,1556,4
/home/ml/faster rcnn/VOCdevkit/VOC2007/JPEGImages/04_spur_18.jpg 448,2344,544,2391,4 2391,1039,2462,1122,4 2424,1759,2522,1815,4
/home/ml/faster rcnn/VOCdevkit/VOC2007/JPEGImages/11_spur_05.jpg 1171,1093,1329,1158,4 1129,1452,1196,1575,4 1317,1955,1435,2014,4 742,847,855,919,4 955,359,1014,423,4
/home/ml/faster rcnn/VOCdevkit/VOC2007/JPEGImages/01_mouse_bite_18.jpg 391,1395,427,1428,1
/home/ml/faster rcnn/VOCdevkit/VOC2007/JPEGImages/08_open_circuit_03.jpg 1669,923,1733,964,2 2291,1238,2330,1284,2 448,1443,504,1480,2 2548,1647,2605,1702,2 2116,607,2158,642,2
/home/ml/faster rcnn/VOCdevkit/VOC2007/JPEGImages/08_spurious_copper_04.jpg 1763,962,1896,1018,5 2041,1051,2100,1138,5 2564,1257,2650,1310,5 2248,1454,2387,1510,5 1150,997,1258,1047,5
/home/ml/faster rcnn/VOCdevkit/VOC2007/JPEGImages/06_mouse_bite_10.jpg 1851,915,1882,997,1 2073,1638,2111,1714,1 1231,1629,1270,1702,1 1609,1265,1679,1296,1 1003,763,1097,789,1
/home/ml/faster rcnn/VOCdevkit/VOC2007/JPEGImages/06_spurious_copper_08.jpg 2060,658,2108,786,5 1810,1075,1842,1176,5 1827,1368,1859,1447,5 228,707,306,751,5 1599,1442,1632,1535,5
/home/ml/faster rcnn/VOCdevkit/VOC2007/JPEGImages/01_short_05.jpg 1726,1376,1794,1436,3 942,890,999,938,3 559,1053,620,1112,3
/home/ml/faster rcnn/VOCdevkit/VOC2007/JPEGImages/10_mouse_bite_03.jpg 962,425,1032,518,1 1668,1044,1743,1122,1 1853,600,1927,667,1 1833,1648,1917,1716,1 1808,1212,1887,1267,1
/home/ml/faster rcnn/VOCdevkit/VOC2007/JPEGImages/11_spurious_copper_07.jpg 709,547,771,614,5 1453,540,1547,629,5 1163,842,1235,921,5 455,788,557,844,5 953,1372,1035,1494,5
/home/ml/faster rcnn/VOCdevkit/VOC2007/JPEGImages/04_mouse_bite_06.jpg 397,2231,497,2299,1 2382,1790,2468,1853,1 2562,1581,2635,1631,1
/home/ml/faster rcnn/VOCdevkit/VOC2007/JPEGImages/04_mouse_bite_20.jpg 401,508,479,575,1 2024,430,2101,481,1 1275,1621,1333,1706,1
/home/ml/faster rcnn/VOCdevkit/VOC2007/JPEGImages/05_mouse_bite_10.jpg 1291,632,1350,729,1 1838,971,1894,1062,1 1092,1698,1163,1746,1 1944,1332,2031,1378,1 1524,1267,1563,1335,1
/home/ml/faster rcnn/VOCdevkit/VOC2007/JPEGImages/06_short_03.jpg 1927,1202,1989,1254,3 940,1302,1016,1364,3 1830,2059,1947,2147,3 428,1417,488,1481,3 159,907,240,988,3
/home/ml/faster rcnn/VOCdevkit/VOC2007/JPEGImages/11_spur_04.jpg 968,668,1065,745,4 1501,1070,1555,1173,4 770,1162,880,1221,4 552,837,665,916,4 743,590,880,688,4
/home/ml/faster rcnn/VOCdevkit/VOC2007/JPEGImages/10_spur_05.jpg 1258,889,1334,999,4 1826,1754,1977,1819,4 977,429,1058,550,4 1482,1276,1539,1376,4 1666,587,1766,658,4
/home/ml/faster rcnn/VOCdevkit/VOC2007/JPEGImages/01_spur_12.jpg 589,972,625,1010,4 601,1197,645,1243,4
/home/ml/faster rcnn/VOCdevkit/VOC2007/JPEGImages/12_mouse_bite_01.jpg 1757,463,1809,537,1 911,734,987,784,1 627,1204,680,1279,1 1761,1446,1806,1513,1 1268,1785,1322,1828,1
/home/ml/faster rcnn/VOCdevkit/VOC2007/JPEGImages/09_mouse_bite_04.jpg 1622,504,1674,576,1 1127,717,1171,784,1 1133,1118,1172,1168,1 646,417,697,482,1 2276,481,2328,531,1
/home/ml/faster rcnn/VOCdevkit/VOC2007/JPEGImages/07_spur_10.jpg 1553,867,1622,939,4 1665,629,1765,696,4 2542,1143,2599,1243,4 1160,1291,1273,1353,4 1092,558,1146,663,4
/home/ml/faster rcnn/VOCdevkit/VOC2007/JPEGImages/10_spur_02.jpg 874,785,991,842,4 1004,1076,1084,1174,4 1721,577,1801,658,4 1519,1299,1585,1392,4 1159,405,1259,464,4
/home/ml/faster rcnn/VOCdevkit/VOC2007/JPEGImages/08_short_04.jpg 1963,1067,2053,1154,3 1841,634,1907,690,3 392,1679,451,1736,3 274,1832,348,1894,3
/home/ml/faster rcnn/VOCdevkit/VOC2007/JPEGImages/09_missing_hole_04.jpg 1120,356,1194,413,0 567,1058,625,1118,0 845,1340,904,1408,0 2148,1154,2212,1223,0 2151,674,2215,740,0 1328,1059,1395,1125,0
/home/ml/faster rcnn/VOCdevkit/VOC2007/JPEGImages/04_open_circuit_07.jpg 1002,1030,1055,1075,2 386,1111,459,1170,2 1791,1255,1853,1310,2
/home/ml/faster rcnn/VOCdevkit/VOC2007/JPEGImages/04_mouse_bite_02.jpg 762,1159,833,1201,1 537,1468,582,1531,1 1533,1875,1619,1926,1
/home/ml/faster rcnn/VOCdevkit/VOC2007/JPEGImages/01_spurious_copper_16.jpg 2128,725,2165,764,5 2629,532,2690,584,5 1669,422,1740,479,5
/home/ml/faster rcnn/VOCdevkit/VOC2007/JPEGImages/11_spur_06.jpg 980,1050,1093,1116,4 1160,1098,1274,1160,4 589,1150,694,1232,4 1129,1486,1211,1603,4 837,129,943,198,4
/home/ml/faster rcnn/VOCdevkit/VOC2007/JPEGImages/08_spur_04.jpg 725,1231,843,1290,4 823,1806,935,1852,4 1955,1687,2055,1736,4 2559,1584,2620,1692,4 1353,1172,1412,1262,4
/home/ml/faster rcnn/VOCdevkit/VOC2007/JPEGImages/11_missing_hole_01.jpg 757,439,829,526,0 1227,596,1306,673,0 1425,773,1512,862,0 1437,1267,1507,1360,0 1196,1747,1275,1832,0
/home/ml/faster rcnn/VOCdevkit/VOC2007/JPEGImages/09_short_01.jpg 669,561,753,638,3 1340,418,1459,505,3 2210,1225,2279,1287,3 1130,1086,1249,1161,3 1763,1431,1876,1497,3
/home/ml/faster rcnn/VOCdevkit/VOC2007/JPEGImages/09_missing_hole_06.jpg 1413,648,1463,699,0 1712,540,1772,599,0 2335,771,2413,838,0 1182,1545,1243,1605,0 561,1059,631,1120,0 256,1449,315,1505,0
/home/ml/faster rcnn/VOCdevkit/VOC2007/JPEGImages/01_missing_hole_01.jpg 2459,1274,2530,1329,0 1613,334,1679,396,0 1726,794,1797,854,0
/home/ml/faster rcnn/VOCdevkit/VOC2007/JPEGImages/12_mouse_bite_07.jpg 1751,710,1807,804,1 2186,1046,2273,1094,1 482,1099,557,1152,1 1549,1663,1626,1710,1 1658,1423,1702,1494,1
/home/ml/faster rcnn/VOCdevkit/VOC2007/JPEGImages/11_spurious_copper_06.jpg 1089,342,1158,413,5 1314,375,1376,452,5 1634,757,1686,870,5 752,1185,863,1237,5 1806,1942,1907,2022,5
/home/ml/faster rcnn/VOCdevkit/VOC2007/JPEGImages/04_mouse_bite_13.jpg 855,1237,957,1304,1 2084,1093,2177,1166,1 871,1801,930,1881,1
/home/ml/faster rcnn/VOCdevkit/VOC2007/JPEGImages/01_short_19.jpg 979,1294,1030,1341,3 1336,1345,1390,1400,3 2712,1111,2791,1209,3 615,878,656,930,3
/home/ml/faster rcnn/VOCdevkit/VOC2007/JPEGImages/04_mouse_bite_01.jpg 986,2115,1093,2195,1 1895,1448,1979,1537,1 1773,1139,1855,1190,1
/home/ml/faster rcnn/VOCdevkit/VOC2007/JPEGImages/07_mouse_bite_09.jpg 960,384,1025,469,1 1617,629,1696,686,1 1975,700,2044,777,1 2322,1015,2384,1112,1 879,877,929,948,1
/home/ml/faster rcnn/VOCdevkit/VOC2007/JPEGImages/01_spurious_copper_03.jpg 1539,866,1574,962,5 1854,948,1904,1043,5 1810,1289,1846,1374,5
/home/ml/faster rcnn/VOCdevkit/VOC2007/JPEGImages/04_mouse_bite_19.jpg 1175,1626,1237,1704,1 2228,1381,2281,1457,1 433,1350,491,1428,1
/home/ml/faster rcnn/VOCdevkit/VOC2007/JPEGImages/01_short_11.jpg 1105,1253,1166,1321,3 2121,927,2206,1026,3 2678,1064,2762,1148,3 615,882,659,930,3
/home/ml/faster rcnn/VOCdevkit/VOC2007/JPEGImages/01_open_circuit_02.jpg 1502,1349,1539,1378,2 1653,1196,1684,1229,2 775,1127,808,1165,2
/home/ml/faster rcnn/VOCdevkit/VOC2007/JPEGImages/10_mouse_bite_01.jpg 966,411,1042,499,1 1532,941,1633,1022,1 1017,1035,1097,1112,1 1494,1300,1575,1396,1 1907,1419,1975,1479,1
/home/ml/faster rcnn/VOCdevkit/VOC2007/JPEGImages/08_spur_03.jpg 2022,721,2081,834,4 800,1205,925,1256,4 2378,1295,2420,1398,4 1682,905,1741,995,4 692,892,745,972,4
/home/ml/faster rcnn/VOCdevkit/VOC2007/JPEGImages/09_spurious_copper_07.jpg 1436,433,1484,531,5 743,710,790,815,5 2095,989,2225,1048,5 1922,1128,1979,1269,5 1577,1202,1667,1253,5
/home/ml/faster rcnn/VOCdevkit/VOC2007/JPEGImages/01_open_circuit_09.jpg 483,963,515,1002,2 2480,286,2514,321,2 2695,1231,2723,1261,2
/home/ml/faster rcnn/VOCdevkit/VOC2007/JPEGImages/07_spur_08.jpg 1561,876,1617,939,4 1710,874,1770,977,4 1982,691,2049,789,4 960,962,1037,1020,4 979,208,1063,282,4
/home/ml/faster rcnn/VOCdevkit/VOC2007/JPEGImages/09_spur_10.jpg 1615,451,1656,522,4 1151,553,1228,620,4 1258,947,1334,1024,4 1813,1225,1872,1289,4 2276,481,2351,541,4
/home/ml/faster rcnn/VOCdevkit/VOC2007/JPEGImages/07_missing_hole_02.jpg 1118,200,1191,265,0 1703,338,1784,405,0 1203,1032,1270,1119,0 284,1070,403,1184,0 1548,1446,1617,1548,0
/home/ml/faster rcnn/VOCdevkit/VOC2007/JPEGImages/07_open_circuit_01.jpg 1725,182,1779,233,2 950,375,1027,457,2 1691,883,1756,936,2 972,883,1038,931,2 2122,886,2176,938,2
/home/ml/faster rcnn/VOCdevkit/VOC2007/JPEGImages/04_mouse_bite_10.jpg 1588,1861,1673,1928,1 591,1386,657,1477,1 488,1601,542,1686,1
/home/ml/faster rcnn/VOCdevkit/VOC2007/JPEGImages/01_short_14.jpg 541,936,593,999,3 612,873,659,932,3 2253,1281,2327,1348,3 2406,1173,2491,1258,3
/home/ml/faster rcnn/VOCdevkit/VOC2007/JPEGImages/01_missing_hole_16.jpg 1499,729,1559,794,0 644,720,702,783,0 2517,698,2584,763,0
/home/ml/faster rcnn/VOCdevkit/VOC2007/JPEGImages/01_missing_hole_04.jpg 1619,225,1673,278,0 337,754,386,814,0 217,1009,277,1067,0
/home/ml/faster rcnn/VOCdevkit/VOC2007/JPEGImages/05_mouse_bite_04.jpg 1028,688,1086,735,1 1563,859,1624,918,1 2075,1651,2125,1696,1 1502,1701,1552,1746,1 169,821,220,896,1
/home/ml/faster rcnn/VOCdevkit/VOC2007/JPEGImages/01_mouse_bite_10.jpg 1694,642,1729,677,1 445,423,505,464,1
/home/ml/faster rcnn/VOCdevkit/VOC2007/JPEGImages/10_spurious_copper_03.jpg 1595,585,1640,669,5 1719,1032,1774,1121,5 1152,754,1223,832,5 1197,1695,1316,1747,5 716,821,808,890,5
/home/ml/faster rcnn/VOCdevkit/VOC2007/JPEGImages/11_short_09.jpg 853,355,1032,424,3 829,1070,889,1162,3 1145,1167,1212,1245,3 676,1372,802,1447,3 714,1606,845,1699,3
/home/ml/faster rcnn/VOCdevkit/VOC2007/JPEGImages/01_missing_hole_13.jpg 1384,296,1460,362,0 1340,738,1397,802,0 708,620,768,683,0
/home/ml/faster rcnn/VOCdevkit/VOC2007/JPEGImages/04_short_14.jpg 1486,657,1559,737,3 730,1802,821,1897,3 1750,768,1844,881,3
/home/ml/faster rcnn/VOCdevkit/VOC2007/JPEGImages/04_mouse_bite_08.jpg 1474,1069,1555,1146,1 426,1357,481,1419,1 1739,811,1795,875,1
/home/ml/faster rcnn/VOCdevkit/VOC2007/JPEGImages/09_mouse_bite_05.jpg 1477,497,1530,566,1 1749,1023,1825,1063,1 792,253,831,322,1 2277,1061,2341,1105,1 386,851,427,941,1
/home/ml/faster rcnn/VOCdevkit/VOC2007/JPEGImages/05_mouse_bite_07.jpg 1430,298,1535,362,1 1549,857,1638,907,1 2395,1613,2439,1676,1 1560,1860,1639,1904,1 592,1304,685,1356,1 388,338,464,382,1
/home/ml/faster rcnn/VOCdevkit/VOC2007/JPEGImages/05_mouse_bite_05.jpg 1601,578,1651,618,1 295,1357,370,1420,1 1378,1496,1416,1570,1 1467,1890,1539,1934,1 1866,257,1924,323,1
/home/ml/faster rcnn/VOCdevkit/VOC2007/JPEGImages/05_open_circuit_05.jpg 217,1359,270,1412,2 1391,1398,1444,1446,2 1003,1482,1059,1534,2
/home/ml/faster rcnn/VOCdevkit/VOC2007/JPEGImages/04_missing_hole_15.jpg 1286,1541,1348,1597,0 1688,1653,1748,1715,0 657,957,715,1039,0
/home/ml/faster rcnn/VOCdevkit/VOC2007/JPEGImages/12_short_03.jpg 1917,812,2007,875,3 2224,637,2311,692,3 1731,2239,1809,2330,3 220,1575,271,1652,3 617,1472,667,1574,3
/home/ml/faster rcnn/VOCdevkit/VOC2007/JPEGImages/12_spur_06.jpg 1689,554,1749,639,4 2227,676,2278,776,4 1757,1237,1866,1288,4 1809,1454,1858,1546,4 462,1614,562,1668,4
/home/ml/faster rcnn/VOCdevkit/VOC2007/JPEGImages/01_spur_20.jpg 2140,1151,2194,1188,4 1977,1021,2018,1071,4
/home/ml/faster rcnn/VOCdevkit/VOC2007/JPEGImages/04_spurious_copper_06.jpg 2618,991,2662,1091,5 1922,1779,1953,1849,5 2444,1360,2485,1446,5
/home/ml/faster rcnn/VOCdevkit/VOC2007/JPEGImages/04_spur_09.jpg 848,1237,933,1282,4 461,1231,515,1310,4 382,2199,450,2257,4
/home/ml/faster rcnn/VOCdevkit/VOC2007/JPEGImages/09_spur_06.jpg 999,536,1071,597,4 1643,1113,1708,1156,4 1831,1176,1881,1268,4 1310,1497,1392,1540,4 340,1666,438,1722,4
/home/ml/faster rcnn/VOCdevkit/VOC2007/JPEGImages/04_open_circuit_20.jpg 842,1079,908,1133,2 1886,1377,1962,1442,2 1797,817,1866,859,2
/home/ml/faster rcnn/VOCdevkit/VOC2007/JPEGImages/12_mouse_bite_08.jpg 1313,203,1358,277,1 2227,352,2273,428,1 966,732,1040,775,1 1302,1121,1375,1170,1 2335,1648,2387,1730,1
/home/ml/faster rcnn/VOCdevkit/VOC2007/JPEGImages/08_mouse_bite_10.jpg 1668,916,1712,980,1 2230,685,2274,754,1 2281,413,2346,451,1 1189,1300,1225,1362,1 1812,1880,1853,1962,1
/home/ml/faster rcnn/VOCdevkit/VOC2007/JPEGImages/07_spurious_copper_06.jpg 1068,529,1129,651,5 889,1107,1029,1151,5 1796,781,1853,901,5 1591,827,1649,936,5 1934,826,2013,908,5
/home/ml/faster rcnn/VOCdevkit/VOC2007/JPEGImages/11_spurious_copper_10.jpg 757,1181,858,1234,5 1058,1465,1106,1578,5 673,1632,760,1726,5 1416,1940,1534,1998,5 1661,2040,1804,2104,5
/home/ml/faster rcnn/VOCdevkit/VOC2007/JPEGImages/04_missing_hole_09.jpg 2488,1246,2581,1344,0 1175,1308,1230,1381,0 715,1404,768,1481,0
/home/ml/faster rcnn/VOCdevkit/VOC2007/JPEGImages/11_mouse_bite_01.jpg 973,375,1032,432,1 1253,401,1320,460,1 1509,1088,1571,1173,1 920,1476,986,1552,1 575,853,647,922,1
/home/ml/faster rcnn/VOCdevkit/VOC2007/JPEGImages/07_short_06.jpg 1634,819,1746,898,3 2022,938,2151,1034,3 1187,913,1303,998,3 387,608,530,705,3 889,355,1005,438,3
/home/ml/faster rcnn/VOCdevkit/VOC2007/JPEGImages/08_missing_hole_01.jpg 2325,1193,2378,1252,0 1996,1603,2061,1670,0 1169,1734,1233,1805,0 1245,746,1310,808,0 546,1441,610,1510,0
/home/ml/faster rcnn/VOCdevkit/VOC2007/JPEGImages/05_open_circuit_07.jpg 874,1088,927,1131,2 2385,1412,2455,1474,2 947,340,997,390,2
/home/ml/faster rcnn/VOCdevkit/VOC2007/JPEGImages/09_mouse_bite_06.jpg 986,431,1033,499,1 861,951,933,1004,1 1305,1236,1366,1281,1 2631,689,2679,761,1 2307,556,2379,613,1
/home/ml/faster rcnn/VOCdevkit/VOC2007/JPEGImages/08_short_02.jpg 2250,1213,2325,1287,3 1743,600,1832,666,3 423,1405,509,1475,3 605,1934,694,2018,3 2517,1574,2591,1651,3
/home/ml/faster rcnn/VOCdevkit/VOC2007/JPEGImages/09_missing_hole_09.jpg 2631,966,2686,1025,0 2467,1553,2528,1612,0 1536,1350,1610,1410,0 772,1054,835,1117,0 1197,643,1256,703,0
/home/ml/faster rcnn/VOCdevkit/VOC2007/JPEGImages/05_mouse_bite_02.jpg 683,573,762,621,1 1217,685,1263,762,1 1980,910,2027,987,1 1506,1701,1569,1740,1 1014,1771,1050,1838,1
/home/ml/faster rcnn/VOCdevkit/VOC2007/JPEGImages/01_spurious_copper_07.jpg 2578,741,2642,770,5 2613,863,2648,953,5 1811,861,1961,917,5
/home/ml/faster rcnn/VOCdevkit/VOC2007/JPEGImages/04_spur_02.jpg 1697,1830,1775,1888,4 2486,1871,2559,1930,4 2168,866,2219,944,4
/home/ml/faster rcnn/VOCdevkit/VOC2007/JPEGImages/01_spur_11.jpg 597,801,635,845,4 720,741,765,771,4 961,885,1005,923,4
/home/ml/faster rcnn/VOCdevkit/VOC2007/JPEGImages/04_short_16.jpg 1090,1139,1190,1241,3 1853,1033,1955,1121,3
/home/ml/faster rcnn/VOCdevkit/VOC2007/JPEGImages/04_spurious_copper_03.jpg 1790,1129,1912,1163,5 2103,626,2133,717,5 2189,832,2239,937,5
/home/ml/faster rcnn/VOCdevkit/VOC2007/JPEGImages/09_mouse_bite_08.jpg 1479,431,1525,497,1 1846,990,1918,1036,1 2587,1007,2654,1071,1 567,1272,613,1333,1 2431,635,2504,677,1
/home/ml/faster rcnn/VOCdevkit/VOC2007/JPEGImages/01_open_circuit_12.jpg 2716,946,2743,975,2 2714,1178,2740,1204,2 1706,587,1732,613,2
/home/ml/faster rcnn/VOCdevkit/VOC2007/JPEGImages/08_open_circuit_10.jpg 462,1706,506,1733,2 2368,1644,2446,1693,2 2422,1398,2458,1446,2 1982,1703,2036,1739,2 1952,1176,1994,1224,2
/home/ml/faster rcnn/VOCdevkit/VOC2007/JPEGImages/09_spur_01.jpg 1100,894,1190,941,4 1759,1186,1807,1264,4 859,431,904,500,4 1351,443,1402,517,4 1523,1620,1623,1669,4
/home/ml/faster rcnn/VOCdevkit/VOC2007/JPEGImages/08_missing_hole_08.jpg 1304,1444,1381,1518,0 2312,1051,2384,1116,0 2609,1220,2668,1275,0 2123,1425,2192,1497,0 617,744,681,805,0
/home/ml/faster rcnn/VOCdevkit/VOC2007/JPEGImages/09_short_09.jpg 1136,404,1248,461,3 1808,317,1856,354,3 1212,817,1274,900,3 577,1120,682,1164,3 1317,1245,1384,1315,3
/home/ml/faster rcnn/VOCdevkit/VOC2007/JPEGImages/11_short_04.jpg 1080,1378,1184,1453,3 1730,1632,1814,1744,3 668,1640,781,1731,3 401,1614,486,1713,3 434,1398,575,1475,3
/home/ml/faster rcnn/VOCdevkit/VOC2007/JPEGImages/12_spurious_copper_01.jpg 1629,577,1680,654,5 1842,1419,1880,1521,5 727,1639,842,1683,5 1666,1859,1791,1908,5 1489,2263,1607,2312,5
/home/ml/faster rcnn/VOCdevkit/VOC2007/JPEGImages/06_spurious_copper_01.jpg 2549,1522,2594,1644,5 1455,1517,1552,1564,5 2069,614,2111,715,5 1052,1915,1120,1947,5 1637,1867,1724,1900,5
/home/ml/faster rcnn/VOCdevkit/VOC2007/JPEGImages/10_spurious_copper_05.jpg 1142,389,1236,435,5 1434,834,1519,880,5 1719,1022,1759,1121,5 907,771,1010,821,5 1237,874,1291,992,5 1365,1293,1414,1377,5
/home/ml/faster rcnn/VOCdevkit/VOC2007/JPEGImages/11_mouse_bite_02.jpg 758,337,819,406,1 1488,529,1565,599,1 1070,719,1139,796,1 1139,1113,1240,1173,1 1734,1686,1814,1742,1
/home/ml/faster rcnn/VOCdevkit/VOC2007/JPEGImages/09_spurious_copper_02.jpg 1294,417,1348,500,5 948,876,1071,927,5 1851,1412,1905,1527,5 627,1554,692,1617,5 318,1653,423,1705,5
/home/ml/faster rcnn/VOCdevkit/VOC2007/JPEGImages/04_mouse_bite_16.jpg 1795,806,1841,875,1 2048,655,2117,733,1 1771,1259,1861,1313,1
/home/ml/faster rcnn/VOCdevkit/VOC2007/JPEGImages/01_short_18.jpg 805,1166,871,1223,3 817,1318,875,1372,3 1987,1205,2059,1263,3 620,888,653,926,3
/home/ml/faster rcnn/VOCdevkit/VOC2007/JPEGImages/01_open_circuit_20.jpg 2142,1160,2179,1190,2 2495,1412,2536,1442,2 1988,1237,2018,1278,2
/home/ml/faster rcnn/VOCdevkit/VOC2007/JPEGImages/01_spur_03.jpg 1257,1308,1294,1350,4 1650,1376,1687,1411,4 1669,1100,1707,1138,4
/home/ml/faster rcnn/VOCdevkit/VOC2007/JPEGImages/09_open_circuit_08.jpg 868,567,911,604,2 1629,1127,1674,1163,2 2246,1188,2281,1226,2 1669,555,1710,597,2 1980,185,2024,241,2
/home/ml/faster rcnn/VOCdevkit/VOC2007/JPEGImages/11_spur_07.jpg 1081,619,1168,726,4 1432,1576,1514,1694,4 302,850,401,980,4 768,2006,889,2080,4 481,1114,599,1203,4
/home/ml/faster rcnn/VOCdevkit/VOC2007/JPEGImages/09_missing_hole_02.jpg 777,640,836,704,0 1195,643,1258,708,0 387,1446,453,1508,0 2467,1551,2536,1622,0 912,353,981,413,0
/home/ml/faster rcnn/VOCdevkit/VOC2007/JPEGImages/06_spur_09.jpg 1833,1347,1874,1449,4 1860,1690,1943,1724,4 1318,409,1433,456,4 2076,670,2132,773,4 2064,307,2115,397,4
/home/ml/faster rcnn/VOCdevkit/VOC2007/JPEGImages/06_spurious_copper_02.jpg 925,2146,1054,2192,5 1272,1107,1313,1159,5 993,1014,1089,1059,5 849,1392,893,1473,5 1384,647,1425,734,5
/home/ml/faster rcnn/VOCdevkit/VOC2007/JPEGImages/08_open_circuit_09.jpg 1832,632,1876,661,2 2015,781,2060,823,2 1336,1197,1397,1261,2 1563,1184,1618,1235,2 250,1759,275,1807,2
/home/ml/faster rcnn/VOCdevkit/VOC2007/JPEGImages/04_spur_06.jpg 1928,1371,1982,1471,4 757,2068,846,2131,4 1179,1891,1231,1964,4
/home/ml/faster rcnn/VOCdevkit/VOC2007/JPEGImages/09_spurious_copper_10.jpg 2004,1038,2069,1148,5 1927,1405,1971,1482,5 1777,1446,1835,1541,5 1313,1310,1405,1371,5 776,1548,877,1617,5
/home/ml/faster rcnn/VOCdevkit/VOC2007/JPEGImages/07_missing_hole_06.jpg 951,294,1018,363,0 1232,508,1317,598,0 1696,329,1791,417,0 1332,1027,1411,1127,0 1537,1441,1630,1546,0
/home/ml/faster rcnn/VOCdevkit/VOC2007/JPEGImages/07_open_circuit_07.jpg 1529,626,1591,674,2 798,903,848,960,2 641,757,717,810,2 1873,210,1941,265,2 2329,443,2389,496,2
/home/ml/faster rcnn/VOCdevkit/VOC2007/JPEGImages/08_mouse_bite_04.jpg 1035,918,1086,974,1 459,1370,517,1416,1 2399,1000,2455,1054,1 2222,687,2278,747,1 546,574,604,647,1
/home/ml/faster rcnn/VOCdevkit/VOC2007/JPEGImages/05_missing_hole_09.jpg 1603,1792,1659,1849,0 2302,1585,2364,1645,0 1085,1803,1144,1860,0 1309,1956,1380,2027,0 223,1763,287,1834,0
/home/ml/faster rcnn/VOCdevkit/VOC2007/JPEGImages/10_short_04.jpg 979,547,1116,644,3 1882,527,2019,641,3 1737,698,1869,827,3 1163,1556,1281,1709,3 1752,1644,1871,1790,3
/home/ml/faster rcnn/VOCdevkit/VOC2007/JPEGImages/11_spur_01.jpg 1512,1014,1596,1131,4 1439,1588,1502,1703,4 925,1476,997,1578,4 1073,678,1153,776,4 768,345,839,426,4
/home/ml/faster rcnn/VOCdevkit/VOC2007/JPEGImages/05_open_circuit_02.jpg 767,1668,813,1720,2 2214,1779,2266,1821,2 2035,265,2102,315,2
/home/ml/faster rcnn/VOCdevkit/VOC2007/JPEGImages/11_short_02.jpg 1024,1113,1098,1201,3 1694,1632,1768,1740,3 1666,1973,1732,2060,3 604,1662,714,1755,3 430,1401,573,1501,3
/home/ml/faster rcnn/VOCdevkit/VOC2007/JPEGImages/01_spur_02.jpg 766,1156,804,1199,4 720,1224,758,1259,4 821,1337,862,1377,4
/home/ml/faster rcnn/VOCdevkit/VOC2007/JPEGImages/01_open_circuit_16.jpg 1835,817,1864,843,2 1514,884,1544,917,2
/home/ml/faster rcnn/VOCdevkit/VOC2007/JPEGImages/11_spur_09.jpg 1057,642,1124,757,4 1035,375,1148,467,4 1053,1152,1193,1201,4 1514,985,1591,1109,4 289,929,391,1083,4
/home/ml/faster rcnn/VOCdevkit/VOC2007/JPEGImages/01_open_circuit_08.jpg 1982,989,2023,1031,2 1674,635,1719,676,2 714,742,747,773,2
/home/ml/faster rcnn/VOCdevkit/VOC2007/JPEGImages/10_missing_hole_04.jpg 720,971,843,1106,0 1340,1480,1407,1547,0 1659,1164,1743,1258,0 2013,944,2088,1021,0 1911,1567,1988,1635,0
/home/ml/faster rcnn/VOCdevkit/VOC2007/JPEGImages/12_short_08.jpg 1866,452,1957,514,3 2069,1184,2129,1281,3 1231,1088,1289,1148,3 469,1583,522,1654,3 275,1174,369,1237,3
/home/ml/faster rcnn/VOCdevkit/VOC2007/JPEGImages/01_open_circuit_11.jpg 2620,524,2651,552,2 1684,1376,1713,1409,2 2548,575,2596,610,2
/home/ml/faster rcnn/VOCdevkit/VOC2007/JPEGImages/08_missing_hole_05.jpg 1176,1444,1241,1516,0 966,741,1037,813,0 159,982,214,1031,0 2002,405,2064,462,0 238,634,304,692,0
/home/ml/faster rcnn/VOCdevkit/VOC2007/JPEGImages/10_open_circuit_04.jpg 1291,573,1375,631,2 1839,600,1932,669,2 1016,1045,1110,1102,2 755,847,839,924,2 1510,947,1603,1022,2
/home/ml/faster rcnn/VOCdevkit/VOC2007/JPEGImages/12_short_06.jpg 2166,1044,2233,1126,3 2080,1588,2140,1670,3 884,1588,937,1644,3 920,2019,964,2090,3 2342,1806,2411,1850,3
/home/ml/faster rcnn/VOCdevkit/VOC2007/JPEGImages/01_short_16.jpg 1633,463,1724,564,3 2675,1057,2744,1151,3 2144,693,2200,775,3 617,884,659,933,3
/home/ml/faster rcnn/VOCdevkit/VOC2007/JPEGImages/06_spurious_copper_05.jpg 2482,1831,2535,1949,5 1365,1114,1399,1202,5 843,1398,891,1492,5 1465,1517,1582,1559,5 1640,1863,1728,1912,5
/home/ml/faster rcnn/VOCdevkit/VOC2007/JPEGImages/11_spurious_copper_08.jpg 491,231,640,340,5 1034,124,1117,209,5 350,906,424,1050,5 647,1150,737,1235,5 466,1363,525,1503,5
/home/ml/faster rcnn/VOCdevkit/VOC2007/JPEGImages/06_missing_hole_01.jpg 1443,854,1494,902,0 1332,1151,1382,1212,0 1786,1374,1837,1427,0 1062,1415,1127,1470,0 584,1229,635,1275,0
/home/ml/faster rcnn/VOCdevkit/VOC2007/JPEGImages/06_mouse_bite_06.jpg 2239,845,2283,928,1 2073,1480,2108,1567,1 2346,1715,2408,1821,1 1250,1263,1325,1299,1 692,1529,772,1566,1
/home/ml/faster rcnn/VOCdevkit/VOC2007/JPEGImages/07_spurious_copper_04.jpg 1737,819,1782,936,5 2146,936,2194,1032,5 2144,793,2261,850,5 1824,988,1947,1041,5 720,448,829,500,5
/home/ml/faster rcnn/VOCdevkit/VOC2007/JPEGImages/05_missing_hole_07.jpg 1110,621,1163,678,0 1374,352,1444,415,0 1852,315,1917,387,0 2028,187,2103,259,0 1036,1249,1091,1315,0
/home/ml/faster rcnn/VOCdevkit/VOC2007/JPEGImages/04_spur_03.jpg 1955,1288,2017,1370,4 2601,1693,2655,1782,4 1888,1782,1942,1864,4
/home/ml/faster rcnn/VOCdevkit/VOC2007/JPEGImages/04_short_10.jpg 2006,1537,2091,1635,3 1390,1090,1490,1197,3 2488,884,2586,1001,3
/home/ml/faster rcnn/VOCdevkit/VOC2007/JPEGImages/12_missing_hole_02.jpg 2220,1090,2275,1146,0 1089,1712,1147,1775,0 586,889,644,949,0 1642,1954,1706,2034,0 2176,1275,2234,1337,0
/home/ml/faster rcnn/VOCdevkit/VOC2007/JPEGImages/06_missing_hole_02.jpg 1615,973,1674,1036,0 2104,1659,2181,1731,0 2428,1317,2489,1380,0 238,1674,318,1739,0 1155,1814,1213,1871,0
/home/ml/faster rcnn/VOCdevkit/VOC2007/JPEGImages/12_open_circuit_06.jpg 1420,370,1458,437,2 531,919,584,966,2 2220,683,2269,739,2 678,1615,737,1663,2 2289,1090,2338,1146,2
/home/ml/faster rcnn/VOCdevkit/VOC2007/JPEGImages/05_short_07.jpg 1960,1335,2045,1410,3 2256,1781,2364,1857,3 400,295,510,387,3 1022,1496,1111,1590,3
/home/ml/faster rcnn/VOCdevkit/VOC2007/JPEGImages/04_open_circuit_03.jpg 941,850,1002,911,2 1199,1208,1262,1262,2 1879,431,1944,510,2
/home/ml/faster rcnn/VOCdevkit/VOC2007/JPEGImages/01_missing_hole_02.jpg 2584,232,2650,298,0 2366,803,2406,860,0 1506,802,1559,856,0
/home/ml/faster rcnn/VOCdevkit/VOC2007/JPEGImages/07_missing_hole_08.jpg 1237,717,1320,808,0 949,758,1022,829,0 1339,1031,1417,1117,0 2034,515,2113,601,0 2451,357,2527,439,0
/home/ml/faster rcnn/VOCdevkit/VOC2007/JPEGImages/12_spurious_copper_07.jpg 1115,1643,1182,1686,5 257,1595,357,1646,5 2106,1810,2231,1861,5 1677,1428,1726,1506,5 2035,1215,2137,1266,5
/home/ml/faster rcnn/VOCdevkit/VOC2007/JPEGImages/05_short_05.jpg 2253,1492,2324,1559,3 2399,1568,2466,1635,3 1531,1076,1605,1157,3
/home/ml/faster rcnn/VOCdevkit/VOC2007/JPEGImages/10_missing_hole_02.jpg 945,692,1052,780,0 588,783,717,892,0 908,1085,1003,1164,0 1419,1113,1491,1174,0 2014,1351,2085,1431,0
/home/ml/faster rcnn/VOCdevkit/VOC2007/JPEGImages/09_mouse_bite_09.jpg 941,558,1000,612,1 581,500,656,569,1 1659,1017,1738,1059,1 1864,328,1945,374,1 1300,1494,1390,1541,1
/home/ml/faster rcnn/VOCdevkit/VOC2007/JPEGImages/01_spurious_copper_10.jpg 1611,1356,1730,1407,5 1003,1317,1172,1381,5 1684,321,1729,357,5
/home/ml/faster rcnn/VOCdevkit/VOC2007/JPEGImages/01_mouse_bite_07.jpg 1471,403,1508,461,1 441,916,476,947,1 663,1302,702,1343,1
/home/ml/faster rcnn/VOCdevkit/VOC2007/JPEGImages/04_short_06.jpg 1190,550,1271,626,3 1248,237,1330,322,3 835,873,930,957,3
/home/ml/faster rcnn/VOCdevkit/VOC2007/JPEGImages/12_missing_hole_07.jpg 1546,628,1607,694,0 1805,1013,1862,1079,0 1386,1233,1450,1289,0 662,1034,717,1092,0 1911,255,1965,319,0
/home/ml/faster rcnn/VOCdevkit/VOC2007/JPEGImages/05_missing_hole_02.jpg 1931,546,1994,612,0 1836,1092,1886,1149,0 1058,370,1114,429,0
/home/ml/faster rcnn/VOCdevkit/VOC2007/JPEGImages/01_short_04.jpg 1984,1227,2057,1287,3 2205,1135,2281,1218,3 2342,1161,2411,1226,3
/home/ml/faster rcnn/VOCdevkit/VOC2007/JPEGImages/04_open_circuit_09.jpg 1113,286,1173,348,2 2331,433,2401,501,2 2128,877,2208,937,2
/home/ml/faster rcnn/VOCdevkit/VOC2007/JPEGImages/06_spur_04.jpg 1132,902,1232,944,4 1840,1359,1876,1436,4 1633,2086,1749,2142,4 1640,1883,1728,1922,4
/home/ml/faster rcnn/VOCdevkit/VOC2007/JPEGImages/01_short_10.jpg 542,914,600,966,3 784,1200,841,1260,3 620,885,656,932,3
/home/ml/faster rcnn/VOCdevkit/VOC2007/JPEGImages/12_mouse_bite_04.jpg 627,677,706,730,1 626,1217,680,1294,1 1753,1444,1800,1517,1 1547,1786,1631,1839,1 107,1741,162,1823,1
/home/ml/faster rcnn/VOCdevkit/VOC2007/JPEGImages/06_spurious_copper_04.jpg 381,937,516,981,5 1108,897,1210,932,5 1111,841,1181,876,5 1393,646,1435,731,5 716,895,757,986,5
/home/ml/faster rcnn/VOCdevkit/VOC2007/JPEGImages/05_spurious_copper_04.jpg 1544,1099,1649,1204,5 227,1345,347,1374,5 1928,1454,2061,1496,5 2066,1809,2156,1882,5 2053,1582,2103,1684,5
/home/ml/faster rcnn/VOCdevkit/VOC2007/JPEGImages/11_open_circuit_01.jpg 857,349,925,394,2 1037,540,1104,603,2 598,856,659,912,2 1230,901,1296,957,2 1137,1509,1178,1560,2
/home/ml/faster rcnn/VOCdevkit/VOC2007/JPEGImages/07_spur_06.jpg 1773,826,1836,913,4 1491,891,1553,953,4 1082,903,1184,962,4 2094,870,2163,920,4 701,427,817,486,4
/home/ml/faster rcnn/VOCdevkit/VOC2007/JPEGImages/12_short_10.jpg 1920,768,2009,839,3 1709,1435,1797,1484,3 2269,1712,2335,1766,3 1266,1088,1331,1155,3 1380,764,1455,819,3
/home/ml/faster rcnn/VOCdevkit/VOC2007/JPEGImages/12_short_09.jpg 1807,1484,1902,1552,3 2180,823,2260,884,3 757,1581,813,1648,3 1493,1888,1555,1961,3 77,1881,158,1943,3
/home/ml/faster rcnn/VOCdevkit/VOC2007/JPEGImages/07_missing_hole_03.jpg 1687,517,1770,603,0 1856,287,1940,357,0 1089,755,1167,829,0 846,1027,927,1117,0 2106,1029,2180,1127,0
/home/ml/faster rcnn/VOCdevkit/VOC2007/JPEGImages/10_short_02.jpg 1653,648,1858,803,3 1007,851,1156,987,3 1395,1260,1568,1373,3 1840,1645,1945,1798,3 995,1316,1174,1480,3
/home/ml/faster rcnn/VOCdevkit/VOC2007/JPEGImages/04_spur_01.jpg 1917,1357,1984,1441,4 997,2064,1117,2126,4 830,1215,911,1268,4
/home/ml/faster rcnn/VOCdevkit/VOC2007/JPEGImages/09_missing_hole_08.jpg 638,353,700,410,0 176,1107,233,1166,0 1266,1063,1323,1122,0 256,1449,308,1510,0 2481,676,2540,731,0
/home/ml/faster rcnn/VOCdevkit/VOC2007/JPEGImages/05_missing_hole_04.jpg 1102,624,1170,685,0 375,1018,445,1088,0 909,1767,977,1829,0 1835,1096,1885,1149,0 1450,796,1520,857,0
/home/ml/faster rcnn/VOCdevkit/VOC2007/JPEGImages/06_missing_hole_06.jpg 806,541,860,590,0 2213,1375,2284,1439,0 588,1292,638,1349,0 1620,1322,1667,1383,0 238,897,311,961,0 1067,1939,1132,2005,0
/home/ml/faster rcnn/VOCdevkit/VOC2007/JPEGImages/04_spur_19.jpg 855,1235,961,1286,4 488,2297,586,2346,4 831,2110,971,2157,4
/home/ml/faster rcnn/VOCdevkit/VOC2007/JPEGImages/10_spurious_copper_02.jpg 1492,573,1556,666,5 1397,160,1526,219,5 1075,1016,1124,1127,5 1543,922,1652,973,5 948,402,991,499,5
/home/ml/faster rcnn/VOCdevkit/VOC2007/JPEGImages/04_missing_hole_06.jpg 1173,621,1231,695,0 1461,377,1519,442,0 2171,341,2239,419,0
/home/ml/faster rcnn/VOCdevkit/VOC2007/JPEGImages/01_spur_18.jpg 2499,442,2545,489,4 2669,315,2706,344,4
/home/ml/faster rcnn/VOCdevkit/VOC2007/JPEGImages/08_open_circuit_04.jpg 696,1207,745,1243,2 379,987,425,1027,2 1671,936,1730,977,2 698,917,750,948,2 2090,1203,2125,1256,2
/home/ml/faster rcnn/VOCdevkit/VOC2007/JPEGImages/07_open_circuit_08.jpg 1810,681,1861,736,2 2227,824,2272,872,2 1417,641,1473,693,2 710,844,765,915,2 1261,815,1317,862,2
/home/ml/faster rcnn/VOCdevkit/VOC2007/JPEGImages/07_mouse_bite_05.jpg 1617,679,1696,732,1 2080,877,2160,926,1 2101,1322,2184,1374,1 1472,891,1536,955,1 1109,1124,1190,1174,1
/home/ml/faster rcnn/VOCdevkit/VOC2007/JPEGImages/07_open_circuit_02.jpg 2022,244,2068,288,2 1772,867,1820,919,2 2184,827,2234,884,2 799,951,851,1003,2 689,403,742,476,2
/home/ml/faster rcnn/VOCdevkit/VOC2007/JPEGImages/06_short_01.jpg 1662,1637,1725,1692,3 1935,858,1986,907,3 1701,480,1771,539,3 688,890,772,961,3 1359,1049,1406,1083,3
